S_VC_DT,FIR_SUB,FIR_INC1,FIR_INC,FIR_INC_RATE,SCD_INC1,SCD_INC,SCD_INC_RATE,ADD_INC1,ADD_INC,ADD_INC_RATE,ADD_SUB,FOUR_INC1,FOUR_INC,FOUR_INC_RATE,WINTER_INC1,WINTER_INC,WINTER_INC_RATE
(2023.08.06.~08.12.),9445879.0,8.0,8366744.0,88.6,12.0,8291579.0,87.8,0.0,0.0,,9445879.0,0.0,0.0,,111.0,1249602.0,13.2
(2023.07.30.~08.05.),9446658.0,7.0,8367637.0,88.6,8.0,8292458.0,87.8,0.0,0.0,,9446658.0,0.0,0.0,,81.0,1249289.0,13.2
(2023.07.23.~07.29.),9449271.0,6.0,8370423.0,88.6,9.0,8295203.0,87.8,0.0,0.0,,9449271.0,0.0,0.0,,76.0,1249766.0,13.2
(2023.07.16.~07.22.),9449671.0,18.0,8371046.0,88.6,21.0,8295809.0,87.8,0.0,0.0,,9449671.0,0.0,0.0,,147.0,1249513.0,13.2
(2023.07.09.~07.15.),9449862.0,1.0,8371615.0,88.6,15.0,8296356.0,87.8,0.0,0.0,,9449862.0,0.0,0.0,,146.0,1249390.0,13.2
(2023.07.02.~07.08.),9450189.0,2.0,8372308.0,88.6,7.0,8297031.0,87.8,0.0,0.0,,9450189.0,0.0,0.0,,110.0,1249327.0,13.2
(2023.06.25.~07.01.),9451053.0,25.0,8373419.0,88.6,37.0,8298134.0,87.8,0.0,0.0,,9451053.0,0.0,0.0,,381.0,1249411.0,13.2
(2023.06.18.~06.24.),9452767.0,26.0,8375852.0,88.6,31.0,8300522.0,87.8,0.0,0.0,,9452767.0,0.0,0.0,,450.0,1249516.0,13.2
(2023.06.11.~06.17.),9453125.0,27.0,8375852.0,88.6,30.0,8300522.0,87.8,0.0,0.0,,9453125.0,0.0,0.0,,498.0,1249516.0,13.2
(2023.06.04.~06.10.),9438303.0,23.0,8362519.0,88.6,47.0,8287327.0,87.8,0.0,0.0,,9438303.0,0.0,0.0,,482.0,1248773.0,13.2
(2023.06.04.~06.10.),9438303.0,23.0,8362519.0,88.6,47.0,8287327.0,87.8,0.0,0.0,,9438303.0,0.0,0.0,,482.0,1248773.0,13.2
(2023.06.04.~06.10.),9438303.0,23.0,8362519.0,88.6,47.0,8287327.0,87.8,0.0,6092248.0,64.6,9438303.0,0.0,1260217.0,13.4,482.0,1248773.0,13.2
(2023.05.28.~06.03.),9439203.0,57.0,8363685.0,88.6,76.0,8288449.0,87.8,0.0,6092248.0,64.6,9439203.0,0.0,1260217.0,13.4,616.0,1248588.0,13.2
2023.06.02,9439485.0,8.0,8363973.0,88.6,12.0,8288726.0,87.8,0.0,6092248.0,64.6,9439485.0,0.0,1260217.0,13.4,111.0,1248563.0,13.2
2023.06.01,9439676.0,7.0,8364193.0,88.6,8.0,8288940.0,87.8,0.0,6092248.0,64.6,9439676.0,0.0,1260217.0,13.4,81.0,1248493.0,13.2
2023.05.30,9441799.0,18.0,8366463.0,88.6,21.0,8291166.0,87.8,0.0,6092248.0,64.6,9441799.0,0.0,1260217.0,13.4,147.0,1249006.0,13.2
2023.05.26,9441910.0,4.0,8366606.0,88.6,9.0,8291303.0,87.8,0.0,6092248.0,64.6,9441910.0,0.0,1260217.0,13.4,129.0,1248785.0,13.2
2023.05.25,9442024.0,1.0,8366709.0,88.6,15.0,8291399.0,87.8,0.0,6092248.0,64.6,9442024.0,0.0,1260217.0,13.4,146.0,1248659.0,13.2
2023.05.24,9442003.0,2.0,8366810.0,88.6,7.0,8291475.0,87.8,0.0,6092248.0,64.6,9442003.0,0.0,1260217.0,13.4,110.0,1248499.0,13.2
2023.05.23,9442009.0,4.0,8366909.0,88.6,4.0,8291574.0,87.8,0.0,6092248.0,64.6,9442009.0,0.0,1260217.0,13.4,92.0,1248393.0,13.2
2023.05.20,9442069.0,10.0,8367065.0,88.6,17.0,8291724.0,87.8,0.0,6092248.0,64.6,9442069.0,0.0,1260217.0,13.4,191.0,1248327.0,13.2
2023.05.19,9442181.0,5.0,8367200.0,88.6,12.0,8291843.0,87.8,0.0,6092248.0,64.6,9442181.0,0.0,1260217.0,13.4,155.0,1248136.0,13.2
2023.05.18,9442210.0,2.0,8367269.0,88.6,7.0,8291895.0,87.8,0.0,6092248.0,64.6,9442210.0,0.0,1260217.0,13.4,130.0,1247987.0,13.2
2023.05.17,9442251.0,7.0,8367393.0,88.6,14.0,8292008.0,87.8,0.0,6092248.0,64.6,9442251.0,0.0,1260217.0,13.4,105.0,1247861.0,13.2
2023.05.16,9442291.0,5.0,8367474.0,88.6,4.0,8292081.0,87.8,0.0,6092248.0,64.6,9442291.0,0.0,1260217.0,13.4,115.0,1247770.0,13.2
2023.05.15,9442383.0,6.0,8367675.0,88.6,22.0,8292285.0,87.8,0.0,6092248.0,64.6,9442383.0,0.0,1260217.0,13.4,208.0,1247683.0,13.2
2023.05.12,9442547.0,8.0,8367868.0,88.6,20.0,8292445.0,87.8,0.0,6092248.0,64.6,9442547.0,0.0,1260217.0,13.4,121.0,1247484.0,13.2
2023.05.11,9442707.0,7.0,8368044.0,88.6,9.0,8292603.0,87.8,0.0,6092248.0,64.6,9442707.0,0.0,1260217.0,13.4,132.0,1247392.0,13.2
2023.05.10,9442822.0,10.0,8368230.0,88.6,22.0,8292785.0,87.8,0.0,6092248.0,64.6,9442822.0,0.0,1260217.0,13.4,118.0,1247280.0,13.2
2023.05.09,9442961.0,5.0,8368411.0,88.6,16.0,8292947.0,87.8,0.0,6092248.0,64.6,9442961.0,0.0,1260217.0,13.4,111.0,1247197.0,13.2
2023.05.08,9443063.0,4.0,8368638.0,88.6,10.0,8293151.0,87.8,0.0,6092248.0,64.6,9443063.0,0.0,1260217.0,13.4,163.0,1247107.0,13.2
2023.05.07,9442996.0,24.0,8368556.0,88.6,41.0,8293062.0,87.8,0.0,6092248.0,64.6,9442996.0,0.0,1260217.0,13.4,298.0,1246933.0,13.2
2023.05.03,9443450.0,2.0,8369072.0,88.6,12.0,8293549.0,87.8,0.0,6092248.0,64.6,9443450.0,0.0,1260217.0,13.4,189.0,1246723.0,13.2
2023.05.02,9443676.0,8.0,8369331.0,88.6,19.0,8293787.0,87.8,0.0,6092248.0,64.6,9443676.0,0.0,1260217.0,13.4,188.0,1246551.0,13.2
2023.05.01,9443847.0,11.0,8369621.0,88.6,19.0,8294056.0,87.8,0.0,6092248.0,64.6,9443847.0,0.0,1260217.0,13.4,180.0,1246450.0,13.2
2023.04.30,9445501.0,41.0,8371261.0,88.6,74.0,8295662.0,87.8,0.0,6092248.0,64.6,9445501.0,0.0,1260217.0,13.4,719.0,1246794.0,13.2
2023.04.27,9445916.0,10.0,8371643.0,88.6,19.0,8296011.0,87.8,0.0,6092248.0,64.6,9445916.0,0.0,1260217.0,13.4,473.0,1246082.0,13.2
2023.04.26,9445979.0,17.0,8371744.0,88.6,15.0,8296093.0,87.8,0.0,6092248.0,64.6,9445979.0,0.0,1260217.0,13.4,399.0,1245548.0,13.2
2023.04.25,9446064.0,6.0,8371822.0,88.6,18.0,8296168.0,87.8,0.0,6092248.0,64.6,9446064.0,0.0,1260217.0,13.4,349.0,1245055.0,13.2
2023.04.24,9446130.0,17.0,8371965.0,88.6,20.0,8296297.0,87.8,0.0,6092248.0,64.6,9446130.0,0.0,1260217.0,13.4,454.0,1244624.0,13.2
2023.04.23,9446091.0,44.0,8371927.0,88.6,61.0,8296255.0,87.8,0.0,6092248.0,64.6,9446091.0,0.0,1260217.0,13.4,1199.0,6097444.0,13.2
2023.04.20,9446427.0,17.0,8372240.0,88.6,32.0,8296539.0,87.8,0.0,6092248.0,64.6,9446427.0,0.0,1260217.0,13.4,492.0,1242943.0,13.2
2023.04.19,9446773.0,22.0,8372336.0,88.6,37.0,8296638.0,87.8,0.0,6092248.0,64.6,9446773.0,0.0,1260217.0,13.4,435.0,1242382.0,13.1
2023.04.18,9447309.0,8.0,8372433.0,88.6,33.0,8296681.0,87.8,0.0,6092248.0,64.6,9447309.0,0.0,1260217.0,13.4,538.0,1241874.0,13.1
2023.04.17,9447367.0,10.0,8372603.0,88.6,12.0,8296816.0,87.8,0.0,6092248.0,64.6,9447367.0,0.0,1260217.0,13.4,613.0,1241254.0,13.1
2023.04.16,9447352.0,36.0,8372576.0,88.6,66.0,8296787.0,87.8,0.0,6092248.0,64.6,9447352.0,0.0,1260217.0,13.4,1614.0,1240620.0,13.1
2023.04.13,9447623.0,13.0,8372852.0,88.6,28.0,8297036.0,87.8,0.0,6092248.0,64.6,9447623.0,0.0,1260217.0,13.4,696.0,1238969.0,13.1
2023.04.12,9447777.0,20.0,8372994.0,88.6,26.0,8297158.0,87.8,0.0,6092248.0,64.6,9447777.0,0.0,1260217.0,13.4,650.0,1238159.0,13.1
2023.04.11,9435472.0,5.0,8362329.0,88.6,20.0,8286596.0,87.8,0.0,6092248.0,64.6,9435472.0,0.0,1260217.0,13.4,579.0,1237105.0,13.1
2023.04.10,9435587.0,13.0,8362534.0,88.6,22.0,8286778.0,87.8,0.0,6092248.0,64.6,9435587.0,0.0,1260217.0,13.4,810.0,1236393.0,13.1
2023.04.09,9435524.0,40.0,8362467.0,88.6,49.0,8286702.0,87.8,0.0,6092248.0,64.6,9435524.0,0.0,1260217.0,13.4,2427.0,1235561.0,13.1
2023.04.06,9428215.0,15.0,8355995.0,88.6,19.0,8280275.0,87.8,0.0,6088394.0,64.6,9428215.0,0.0,1260236.0,13.4,967.0,1232868.0,13.1
2023.04.05,9428421.0,19.0,8356201.0,88.6,32.0,8280478.0,87.8,0.0,6088551.0,64.6,9428421.0,0.0,1260319.0,13.4,754.0,1231797.0,13.1
2023.04.04,9428622.0,13.0,8356429.0,88.6,15.0,8280683.0,87.8,0.0,6088774.0,64.6,9428622.0,0.0,1260421.0,13.4,826.0,1230904.0,13.1
2023.04.03,9419093.0,6.0,8348045.0,88.6,10.0,8272402.0,87.8,0.0,6084099.0,64.6,9419093.0,0.0,1260412.0,13.4,996.0,1229690.0,13.1
2023.04.02,9419018.0,0.0,8347960.0,88.6,1.0,8272314.0,87.8,0.0,6084035.0,64.6,9419018.0,0.0,1260409.0,13.4,2321.0,1228669.0,13.0
2023.03.30,9421221.0,22.0,8350191.0,88.6,29.0,8274492.0,87.8,0.0,6085957.0,64.6,9421221.0,0.0,1261321.0,13.4,1040.0,1226694.0,13.0
2023.03.29,9421375.0,25.0,8350310.0,88.6,21.0,8274597.0,87.8,0.0,6086090.0,64.6,9421375.0,0.0,1261370.0,13.4,810.0,1225448.0,13.0
2023.03.28,9421440.0,17.0,8350373.0,88.6,32.0,8274657.0,87.8,0.0,6086147.0,64.6,9421440.0,0.0,1261395.0,13.4,888.0,1224306.0,13.0
2023.03.28,9421530.0,15.0,8350543.0,88.6,25.0,8274810.0,87.8,0.0,6086301.0,64.6,9421530.0,0.0,1261455.0,13.4,1091.0,1223180.0,13.0
2023.03.27,9421471.0,2.0,8350478.0,88.6,0.0,8274738.0,87.8,0.0,6086249.0,64.6,9421471.0,0.0,1261436.0,13.4,2575.0,1222049.0,13.0
2023.03.23,9421658.0,19.0,8350700.0,88.6,18.0,8274929.0,87.8,0.0,6086446.0,64.6,9421658.0,0.0,1261523.0,13.4,1017.0,1219230.0,12.9
2023.03.22,9421680.0,16.0,8350748.0,88.6,13.0,8274976.0,87.8,0.0,6086515.0,64.6,9421680.0,0.0,1261549.0,13.4,907.0,1217950.0,12.9
2023.03.21,9421862.0,20.0,8350817.0,88.6,18.0,8275041.0,87.8,0.0,6086577.0,64.6,9421862.0,0.0,1261565.0,13.4,991.0,1216818.0,12.9
2023.03.20,9421881.0,19.0,8350883.0,88.6,27.0,8275113.0,87.8,0.0,6086679.0,64.6,9421881.0,0.0,1261635.0,13.4,1158.0,1215634.0,12.9
2023.03.19,9421825.0,0.0,8350811.0,88.6,0.0,8275032.0,87.8,0.0,6086622.0,64.6,9421825.0,0.0,1261624.0,13.4,2611.0,1214449.0,12.9
2023.03.16,9422027.0,12.0,8351063.0,88.6,24.0,8275235.0,87.8,0.0,6086834.0,64.6,9422027.0,0.0,1261728.0,13.4,1194.0,1211708.0,12.9
2023.03.15,9422063.0,27.0,8351150.0,88.6,26.0,8275306.0,87.8,0.0,6086912.0,64.6,9422063.0,0.0,1261771.0,13.4,922.0,1210322.0,12.8
2023.03.14,9422151.0,25.0,8351237.0,88.6,11.0,8275390.0,87.8,0.0,6087012.0,64.6,9422151.0,0.0,1261837.0,13.4,1068.0,1209166.0,12.8
2023.03.13,9422228.0,12.0,8351411.0,88.6,17.0,8275572.0,87.8,0.0,6087173.0,64.6,9422228.0,0.0,1261910.0,13.4,1211.0,1207786.0,12.8
2023.03.12,9422165.0,1.0,8351340.0,88.6,0.0,8275495.0,87.8,0.0,6087119.0,64.6,9422165.0,0.0,1261894.0,13.4,2933.0,1206517.0,12.8
2023.03.09,9422470.0,21.0,8351615.0,88.6,25.0,8275747.0,87.8,0.0,6087412.0,64.6,9422470.0,0.0,1262032.0,13.4,1111.0,1203352.0,12.8
2023.03.08,9422598.0,26.0,8351788.0,88.6,31.0,8275909.0,87.8,0.0,6087567.0,64.6,9422598.0,0.0,1262085.0,13.4,1063.0,1202009.0,12.8
2023.03.07,9422791.0,35.0,8351991.0,88.6,32.0,8276095.0,87.8,0.0,6087754.0,64.6,9422791.0,0.0,1262166.0,13.4,1312.0,1200744.0,12.7
2023.03.06,9422998.0,21.0,8352227.0,88.6,22.0,8276335.0,87.8,0.0,6087993.0,64.6,9422998.0,0.0,1262284.0,13.4,1412.0,1199094.0,12.7
2023.03.05,9422934.0,0.0,8352140.0,88.6,0.0,8276246.0,87.8,0.0,6087930.0,64.6,9422934.0,0.0,1262269.0,13.4,3316.0,1197634.0,12.7
2023.03.02,9423543.0,33.0,8352752.0,88.6,54.0,8276795.0,87.8,0.0,6088480.0,64.6,9423543.0,0.0,1262508.0,13.4,1914.0,1194121.0,12.7
2023.03.01,9423460.0,2.0,8352625.0,88.6,2.0,8276645.0,87.8,0.0,6088403.0,64.6,9423460.0,0.0,1262486.0,13.4,2320.0,1192167.0,12.7
2023.02.27,9425472.0,78.0,8354599.0,88.6,77.0,8278587.0,87.8,0.0,6090149.0,64.6,9425472.0,0.0,1263327.0,13.4,1992.0,1189819.0,12.6
2023.02.26,9425367.0,0.0,8354445.0,88.6,0.0,8278429.0,87.8,0.0,6090080.0,64.6,9425367.0,0.0,1263311.0,13.4,3833.0,1187793.0,12.6
2023.02.23,9415255.0,105.0,8345564.0,88.6,97.0,8269618.0,87.8,0.0,6085106.0,64.6,9415255.0,0.0,1263269.0,13.4,1734.0,1183166.0,12.6
2023.02.22,9415283.0,74.0,8345496.0,88.6,60.0,8269554.0,87.8,0.0,6085129.0,64.6,9415283.0,0.0,1263280.0,13.4,1559.0,1181006.0,12.5
2023.02.21,9406623.0,42.0,8337806.0,88.6,30.0,8261989.0,87.8,0.0,6080729.0,64.6,9406623.0,0.0,1263198.0,13.4,1894.0,1179052.0,12.5
2023.02.20,9398799.0,22.0,8330908.0,88.6,41.0,8255205.0,87.8,0.0,6076954.0,64.7,9398799.0,0.0,1263177.0,13.4,2094.0,1176690.0,12.5
2023.02.19,9398755.0,0.0,8330826.0,88.6,0.0,8255105.0,87.8,0.0,6076912.0,64.7,9398755.0,0.0,1263161.0,13.4,73.0,1174516.0,12.5
2023.02.16,9388633.0,21.0,8321892.0,88.6,35.0,8246274.0,87.8,0.0,6071931.0,64.7,9388633.0,0.0,1263117.0,13.5,1927.0,1169367.0,12.5
2023.02.15,9380787.0,71.0,8315100.0,88.6,81.0,8239533.0,87.8,0.0,6068105.0,64.7,9380787.0,0.0,1263075.0,13.5,1727.0,1166833.0,12.4
2023.02.14,9374839.0,23.0,8309638.0,88.6,24.0,8234125.0,87.8,0.0,6065128.0,64.7,9374839.0,0.0,1263068.0,13.5,1789.0,1164413.0,12.4
2023.02.14,9367819.0,34.0,8303603.0,88.6,26.0,8228156.0,87.8,0.0,6061675.0,64.7,9367819.0,0.0,1263020.0,13.5,2551.0,1162110.0,12.4
2023.02.12,9367754.0,82.0,8303494.0,88.6,39.0,8228055.0,87.8,0.0,6061621.0,64.7,9367754.0,0.0,1263014.0,13.5,5474.0,1159492.0,12.4
2023.02.09,9361072.0,25.0,8297594.0,88.6,44.0,8222220.0,87.8,0.0,6058459.0,64.7,9361072.0,0.0,1263016.0,13.5,2874.0,1154018.0,12.3
2023.02.08,9361159.0,37.0,8297671.0,88.6,46.0,8222275.0,87.8,0.0,6058523.0,64.7,9361159.0,0.0,1263071.0,13.5,2559.0,1151088.0,12.3
2023.02.07,9361241.0,32.0,8297811.0,88.6,34.0,8222400.0,87.8,0.0,6058686.0,64.7,9361241.0,0.0,1263138.0,13.5,3083.0,1148457.0,12.3
2023.02.06,9361445.0,24.0,8298041.0,88.6,50.0,8222617.0,87.8,0.0,6058912.0,64.7,9361445.0,0.0,1263261.0,13.5,3400.0,1145287.0,12.2
2023.02.05,9361360.0,68.0,8297930.0,88.6,59.0,8222482.0,87.8,0.0,6058835.0,64.7,9361360.0,0.0,1263239.0,13.5,6913.0,1141816.0,12.2
2023.02.02,9361563.0,34.0,8298222.0,88.6,45.0,8222732.0,87.8,0.0,6059234.0,64.7,9361563.0,0.0,1263451.0,13.5,3433.0,1134903.0,12.1
2023.02.01,9361996.0,46.0,8298457.0,88.6,49.0,8222947.0,87.8,0.0,6059447.0,64.7,9361996.0,0.0,1263552.0,13.5,3207.0,1131390.0,12.1
2023.01.31,9361957.0,53.0,8298567.0,88.6,64.0,8223032.0,87.8,0.0,6060138.0,64.7,9361957.0,0.0,1264409.0,13.5,3918.0,1128423.0,12.1
2023.01.30,9361986.0,48.0,8298636.0,88.6,61.0,8223090.0,87.8,0.0,6060270.0,64.7,9361986.0,0.0,1264464.0,13.5,4535.0,1124386.0,12.0
2023.01.29,9361926.0,102.0,8298509.0,88.6,81.0,8222950.0,87.8,0.0,6060183.0,64.7,9361926.0,0.0,1264452.0,13.5,9127.0,1119817.0,12.0
2023.01.26,9361946.0,48.0,8298498.0,88.6,61.0,8222870.0,87.8,0.0,6060291.0,64.7,9361946.0,0.0,1264525.0,13.5,4177.0,1110690.0,11.9
2023.01.25,9361816.0,42.0,8298508.0,88.6,64.0,8222855.0,87.8,0.0,6060390.0,64.7,9361816.0,0.0,1264587.0,13.5,4635.0,1106346.0,11.8
2023.01.24,9361808.0,66.0,8298423.0,88.6,38.0,8222746.0,87.8,0.0,6060363.0,64.7,9361808.0,0.0,1264566.0,13.5,9321.0,1101623.0,11.8
2023.01.19,9361875.0,61.0,8298457.0,88.6,46.0,8222762.0,87.8,0.0,6060534.0,64.7,9361875.0,0.0,1264664.0,13.5,5830.0,1092302.0,11.7
2023.01.18,9361993.0,53.0,8298432.0,88.6,59.0,8222755.0,87.8,0.0,6060580.0,64.7,9361993.0,0.0,1264698.0,13.5,5370.0,1086305.0,11.6
2023.01.17,9362130.0,33.0,8298475.0,88.6,58.0,8222793.0,87.8,0.0,6060691.0,64.7,9362130.0,0.0,1264769.0,13.5,6222.0,1080751.0,11.5
2023.01.16,9362206.0,61.0,8298497.0,88.6,62.0,8222786.0,87.8,0.0,6060795.0,64.7,9362206.0,0.0,1264826.0,13.5,6594.0,1074264.0,11.5
2023.01.15,9362119.0,90.0,8298312.0,88.6,62.0,8222603.0,87.8,0.0,6060716.0,64.7,9362119.0,0.0,1264814.0,13.5,14610.0,1067583.0,11.4
2023.01.12,9362334.0,64.0,8298434.0,88.6,48.0,8222688.0,87.8,0.0,6060907.0,64.7,9362334.0,0.0,1264956.0,13.5,7733.0,1052973.0,11.2
2023.01.11,9362652.0,51.0,8298423.0,88.6,43.0,8222693.0,87.8,0.0,6061004.0,64.7,9362652.0,0.0,1265036.0,13.5,7148.0,1045057.0,11.2
2023.01.10,9362652.0,64.0,8298536.0,88.6,48.0,8222811.0,87.8,0.0,6061181.0,64.7,9362652.0,0.0,1265097.0,13.5,8717.0,1037709.0,11.1
2023.01.09,9362699.0,63.0,8298599.0,88.6,71.0,8222878.0,87.8,0.0,6061284.0,64.7,9362699.0,0.0,1265161.0,13.5,9383.0,1028892.0,11.0
2023.01.08,9362613.0,110.0,8298386.0,88.6,66.0,8222654.0,87.8,0.0,6061163.0,64.7,9362613.0,0.0,1265151.0,13.5,21857.0,1019445.0,10.9
2023.01.05,9363044.0,55.0,8298567.0,88.6,43.0,8222782.0,87.8,0.0,6061431.0,64.7,9363044.0,0.0,1265344.0,13.5,10914.0,997588.0,10.7
2023.01.04,9364089.0,45.0,8298657.0,88.6,55.0,8222882.0,87.8,0.0,6061592.0,64.7,9364089.0,0.0,1265440.0,13.5,10072.0,986392.0,10.5
2023.01.03,9364089.0,44.0,8298787.0,88.6,58.0,8222995.0,87.8,0.0,6061773.0,64.7,9364089.0,0.0,1265535.0,13.5,10832.0,976068.0,10.4
2023.01.02,9401888.0,29.0,8298886.0,88.3,49.0,8223069.0,87.5,0.0,6061940.0,64.5,9401888.0,0.0,1265662.0,13.5,9590.0,965061.0,10.3
2023.01.01,9401888.0,112.0,8338216.0,88.7,48.0,8260895.0,87.9,0.0,6091157.0,64.8,9401888.0,0.0,1273353.0,13.5,22480.0,955715.0,10.2
2022.12.29,9401888.0,43.0,8335489.0,88.7,48.0,8258197.0,87.8,0.0,6089807.0,64.8,9401888.0,0.0,1273516.0,13.5,11307.0,933235.0,9.9
2022.12.28,9401888.0,51.0,8335478.0,88.7,72.0,8258180.0,87.8,0.0,6089877.0,64.8,9401888.0,0.0,1273539.0,13.5,11332.0,921635.0,9.8
2022.12.27,9401888.0,57.0,8335415.0,88.7,50.0,8258094.0,87.8,0.0,6089892.0,64.8,9401888.0,0.0,1273543.0,13.5,13225.0,909906.0,9.7
2022.12.26,9401888.0,53.0,8335372.0,88.7,45.0,8258058.0,87.8,0.0,6089929.0,64.8,9401888.0,0.0,1273561.0,13.5,13610.0,896278.0,9.5
2022.12.25,9401888.0,46.0,8335181.0,88.7,47.0,8257874.0,87.8,0.0,6089814.0,64.8,9401888.0,0.0,1273538.0,13.5,22222.0,882569.0,9.4
2022.12.22,9401888.0,53.0,8335266.0,88.7,48.0,8257910.0,87.8,0.0,6089971.0,64.8,9401888.0,0.0,1273617.0,13.5,12281.0,860347.0,9.2
2022.12.21,9401888.0,37.0,8335263.0,88.7,41.0,8257907.0,87.8,0.0,6090040.0,64.8,9401888.0,0.0,1273633.0,13.5,11555.0,846881.0,9.0
2022.12.20,9401888.0,55.0,8335242.0,88.7,44.0,8257879.0,87.8,0.0,6090095.0,64.8,9401888.0,0.0,1273704.0,13.5,15179.0,833752.0,8.9
2022.12.19,9401888.0,55.0,8335204.0,88.7,47.0,8257842.0,87.8,0.0,6090145.0,64.8,9401888.0,0.0,1273758.0,13.5,13761.0,817569.0,8.7
2022.12.18,9401888.0,88.0,8335001.0,88.7,55.0,8257643.0,87.8,110.0,6090016.0,64.8,9401888.0,11.0,1273741.0,13.5,26347.0,803585.0,8.5
2022.12.15,9401888.0,35.0,8335095.0,88.7,59.0,8257706.0,87.8,216.0,6089869.0,64.8,9401888.0,32.0,1273743.0,13.5,12912.0,777238.0,8.3
2022.12.14,9401888.0,51.0,8335125.0,88.7,46.0,8257712.0,87.8,213.0,6089666.0,64.8,9401888.0,29.0,1273730.0,13.5,11897.0,763431.0,8.1
2022.12.13,9401888.0,64.0,8335116.0,88.7,46.0,8257713.0,87.8,210.0,6089514.0,64.8,9401888.0,52.0,1273729.0,13.5,15115.0,750084.0,8.0
2022.12.12,9401888.0,59.0,8335048.0,88.7,68.0,8257652.0,87.8,292.0,6089279.0,64.8,9401888.0,57.0,1273710.0,13.5,16253.0,733630.0,7.8
2022.12.11,9401888.0,102.0,8334849.0,88.7,55.0,8257453.0,87.8,456.0,6088877.0,64.8,9401888.0,29.0,1273637.0,13.5,32324.0,717162.0,7.6
2022.12.08,9401888.0,42.0,8334938.0,88.7,45.0,8257521.0,87.8,316.0,6088421.0,64.8,9401888.0,65.0,1273608.0,13.5,14944.0,684838.0,7.3
2022.12.07,9401888.0,44.0,8334879.0,88.7,46.0,8257450.0,87.8,260.0,6088082.0,64.8,9401888.0,83.0,1273528.0,13.5,15002.0,668559.0,7.1
2022.12.06,9401888.0,54.0,8334900.0,88.7,30.0,8257473.0,87.8,255.0,6087855.0,64.8,9401888.0,81.0,1273481.0,13.5,16571.0,651908.0,6.9
2022.12.05,9401888.0,41.0,8334978.0,88.7,64.0,8257575.0,87.8,426.0,6087708.0,64.7,9401888.0,94.0,1273452.0,13.5,16536.0,634074.0,6.7
2022.12.04,9401888.0,120.0,8334773.0,88.6,66.0,8257344.0,87.8,761.0,6087147.0,64.7,9401888.0,187.0,1273357.0,13.5,34786.0,617145.0,6.6
2022.12.01,9401888.0,43.0,8334830.0,88.7,45.0,8257403.0,87.8,342.0,6086386.0,64.7,9401888.0,134.0,1273170.0,13.5,16364.0,582359.0,6.2
2022.11.30,9401888.0,58.0,8334892.0,88.7,47.0,8257455.0,87.8,358.0,6086119.0,64.7,9401888.0,146.0,1273077.0,13.5,16072.0,564953.0,6.0
2022.11.29,9401888.0,50.0,8335020.0,88.7,34.0,8257595.0,87.8,448.0,6085929.0,64.7,9401888.0,180.0,1272989.0,13.5,16072.0,564953.0,6.0
2022.11.28,9401888.0,57.0,8334981.0,88.7,48.0,8257576.0,87.8,616.0,6085453.0,64.7,9401888.0,193.0,1272837.0,13.5,20261.0,527277.0,5.6
2022.11.27,9401888.0,124.0,8334722.0,88.7,59.0,8257328.0,87.8,980.0,6084658.0,64.7,9401888.0,485.0,1272591.0,13.5,42818.0,506818.0,5.4
2022.11.24,9401888.0,56.0,8334824.0,88.7,43.0,8257426.0,87.8,466.0,6083678.0,64.7,9401888.0,267.0,1272106.0,13.5,19871.0,464000.0,4.9
2022.11.23,9401888.0,48.0,8334935.0,88.7,54.0,8257555.0,87.8,449.0,6083357.0,64.7,9401888.0,264.0,1271882.0,13.5,18145.0,443690.0,4.7
2022.11.22,9401888.0,38.0,8335020.0,88.7,44.0,8257633.0,87.8,451.0,6082992.0,64.7,9401888.0,257.0,1271662.0,13.5,20909.0,425175.0,4.5
2022.11.21,9401888.0,59.0,8335052.0,88.7,50.0,8257644.0,87.8,582.0,6082542.0,64.7,9401888.0,314.0,1271389.0,13.5,19260.0,403937.0,4.3
2022.11.20,9401888.0,110.0,8334863.0,88.7,70.0,8257458.0,87.8,1072.0,6081856.0,64.7,9401888.0,731.0,1271046.0,13.5,40293.0,384527.0,4.1
2022.11.17,9401888.0,50.0,8335067.0,88.7,62.0,8257648.0,87.8,555.0,6080784.0,64.7,9401888.0,325.0,1270315.0,13.5,17070.0,344234.0,3.7
2022.11.16,9401888.0,43.0,8335167.0,88.7,50.0,8257727.0,87.8,402.0,6080318.0,64.7,9401888.0,348.0,1269984.0,13.5,17443.0,326909.0,3.5
2022.11.15,9401888.0,30.0,8335112.0,88.7,41.0,8257665.0,87.8,429.0,6079848.0,64.7,9401888.0,304.0,1269648.0,13.5,18112.0,309029.0,3.3
2022.11.14,9401888.0,47.0,8335209.0,88.7,37.0,8257750.0,87.8,630.0,6079526.0,64.7,9401888.0,373.0,1269401.0,13.5,19859.0,290640.0,3.1
2022.11.13,9401888.0,110.0,8335030.0,88.7,71.0,8257581.0,87.8,1028.0,6078763.0,64.7,9401888.0,838.0,1268991.0,13.5,21181.0,270673.0,2.9
2022.11.10,9401888.0,34.0,8335233.0,88.7,37.0,8257746.0,87.8,476.0,6077735.0,64.6,9401888.0,349.0,1268153.0,13.5,8090.0,249492.0,2.7
2022.11.09,9401888.0,31.0,8335199.0,88.7,58.0,8257713.0,87.8,454.0,6077230.0,64.6,9401888.0,338.0,1267822.0,13.5,7851.0,241203.0,2.6
2022.11.08,9401888.0,28.0,8335326.0,88.7,43.0,8257811.0,87.8,482.0,6076911.0,64.6,9401888.0,369.0,1267486.0,13.5,9103.0,233305.0,2.5
2022.11.07,9401888.0,43.0,8335466.0,88.7,50.0,8257937.0,87.8,655.0,6076577.0,64.6,9401888.0,389.0,1267170.0,13.5,10389.0,224057.0,2.4
2022.11.06,9401888.0,96.0,8335290.0,88.7,75.0,8257755.0,87.8,1022.0,6075805.0,64.6,9401888.0,1077.0,1266726.0,13.5,14885.0,213640.0,2.3
2022.11.03,9401888.0,36.0,8335752.0,88.7,49.0,8258153.0,87.8,597.0,6074783.0,64.6,9401888.0,559.0,1265649.0,13.5,6025.0,198755.0,2.1
2022.11.02,9401888.0,40.0,8335936.0,88.7,28.0,8258320.0,87.8,532.0,6074341.0,64.6,9401888.0,465.0,1265131.0,13.5,6509.0,192653.0,2.0
2022.11.01,9401888.0,25.0,8336104.0,88.7,40.0,8258490.0,87.8,559.0,6073894.0,64.6,9401888.0,454.0,1264679.0,13.5,7010.0,186024.0,2.0
2022.10.31,9401888.0,42.0,8336905.0,88.7,29.0,8259258.0,87.8,790.0,6073912.0,64.6,9401888.0,522.0,1264347.0,13.4,7694.0,178930.0,1.9
2022.10.30,9401888.0,138.0,8336734.0,88.7,83.0,8259098.0,87.8,1238.0,6073026.0,64.6,9401888.0,1502.0,1263792.0,13.4,22683.0,171182.0,1.8
2022.10.27,9401888.0,31.0,8336997.0,88.7,54.0,8259306.0,87.8,570.0,6071788.0,64.6,9401888.0,681.0,1262290.0,13.4,8723.0,148499.0,1.6
2022.10.26,9401888.0,39.0,8336876.0,88.7,47.0,8259148.0,87.8,567.0,6071054.0,64.6,9401888.0,645.0,1261598.0,13.4,8852.0,139635.0,1.5
2022.10.25,9401888.0,29.0,8337222.0,88.7,37.0,8259483.0,87.8,570.0,6070821.0,64.6,9401888.0,681.0,1260984.0,13.4,9301.0,130664.0,1.4
2022.10.24,9401888.0,49.0,8337616.0,88.7,55.0,8259854.0,87.9,812.0,6070594.0,64.6,9401888.0,692.0,1260364.0,13.4,0.0,0.0,
2022.10.24,9401888.0,49.0,8337616.0,88.7,55.0,8259854.0,87.9,812.0,6070594.0,64.6,9401888.0,692.0,1260364.0,13.4,0.0,0.0,
2022.10.23,9401888.0,32.0,8338515.0,88.7,47.0,8260664.0,87.9,552.0,6069099.0,64.6,9401888.0,683.0,1258152.0,13.4,0.0,0.0,
2022.10.20,9401888.0,32.0,8338515.0,88.7,47.0,8260664.0,87.9,552.0,6069099.0,64.6,9401888.0,683.0,1258152.0,13.4,0.0,0.0,
2022.10.19,9401888.0,39.0,8338846.0,88.7,51.0,8260980.0,87.9,486.0,6068784.0,64.5,9401888.0,634.0,1257464.0,13.4,0.0,0.0,
2022.10.18,9401888.0,45.0,8339139.0,88.7,43.0,8261246.0,87.9,559.0,6068525.0,64.5,9401888.0,670.0,1256912.0,13.4,0.0,0.0,
2022.10.17,9401888.0,36.0,8339301.0,88.7,64.0,8261411.0,87.9,573.0,6068104.0,64.5,9401888.0,600.0,1256305.0,13.4,0.0,0.0,
2022.10.16,9401888.0,60.0,8339705.0,88.7,103.0,8261777.0,87.9,925.0,6067840.0,64.5,9401888.0,1488.0,1255713.0,13.4,0.0,0.0,
2022.10.13,9401888.0,31.0,8339977.0,88.7,67.0,8261946.0,87.9,540.0,6066915.0,64.5,9401888.0,639.0,1254225.0,13.3,0.0,0.0,
2022.10.12,9401888.0,29.0,8340098.0,88.7,46.0,8262024.0,87.9,446.0,6066470.0,64.5,9401888.0,543.0,1253601.0,13.3,0.0,0.0,
2022.10.11,9401888.0,25.0,8340612.0,88.7,59.0,8262506.0,87.9,488.0,6066423.0,64.5,9401888.0,568.0,1253111.0,13.3,0.0,0.0,
2022.10.10,9401888.0,64.0,8340201.0,88.7,103.0,8262054.0,87.9,689.0,6065512.0,64.5,9401888.0,1973.0,1252410.0,13.3,0.0,0.0,
2022.10.06,9401888.0,31.0,8340995.0,88.7,72.0,8262726.0,87.9,426.0,6064823.0,64.5,9401888.0,821.0,1250437.0,13.3,0.0,0.0,
2022.10.05,9401888.0,35.0,8341102.0,88.7,67.0,8262788.0,87.9,450.0,6064480.0,64.5,9401888.0,774.0,1249608.0,13.3,0.0,0.0,
2022.10.04,9401888.0,31.0,8341073.0,88.7,69.0,8262728.0,87.9,456.0,6064064.0,64.5,9401888.0,756.0,1248848.0,13.3,0.0,0.0,
2022.10.03,9401888.0,55.0,8340786.0,88.7,119.0,8262405.0,87.9,846.0,6063366.0,64.5,9401888.0,2485.0,1247986.0,13.3,0.0,0.0,
2022.09.29,9401888.0,38.0,8340904.0,88.7,61.0,8262400.0,87.9,364.0,6062520.0,64.5,9401888.0,1066.0,1245501.0,13.2,0.0,0.0,
2022.09.28,9401888.0,41.0,8340808.0,88.7,67.0,8262283.0,87.9,327.0,6062108.0,64.5,9401888.0,1018.0,1244431.0,13.2,0.0,0.0,
2022.09.27,9401888.0,46.0,8340707.0,88.7,54.0,8262153.0,87.9,344.0,6061704.0,64.5,9401888.0,1066.0,1243380.0,13.2,0.0,0.0,
2022.09.26,9401888.0,34.0,8340670.0,88.7,61.0,8262106.0,87.9,480.0,6061418.0,64.5,9401888.0,1264.0,1242381.0,13.2,0.0,0.0,
2022.09.25,9401888.0,59.0,8340478.0,88.7,94.0,8261882.0,87.9,702.0,6060778.0,64.5,9401888.0,3294.0,1241076.0,13.2,0.0,0.0,
2022.09.22,9401888.0,31.0,8340629.0,88.7,71.0,8261924.0,87.9,340.0,6060076.0,64.5,9401888.0,1381.0,1237782.0,13.2,0.0,0.0,
2022.09.21,9401888.0,46.0,8340619.0,88.7,63.0,8261820.0,87.9,313.0,6059425.0,64.5,9401888.0,1438.0,1234961.0,13.2,0.0,0.0,
2022.09.20,9401888.0,48.0,8340594.0,88.7,63.0,8261820.0,87.9,361.0,6059425.0,64.4,9401888.0,1656.0,1234961.0,13.1,0.0,0.0,
2022.09.19,9401888.0,47.0,8340594.0,88.7,80.0,8261803.0,87.9,424.0,6059101.0,64.4,9401888.0,1894.0,1233277.0,13.1,0.0,0.0,
2022.09.18,9401888.0,70.0,8340437.0,88.7,185.0,8261615.0,87.9,884.0,6058568.0,64.4,9401888.0,5292.0,1231362.0,13.1,0.0,0.0,
2022.09.15,9401888.0,48.0,8340502.0,88.7,89.0,8261480.0,87.9,473.0,6057684.0,64.4,9401888.0,1950.0,1226070.0,13.0,0.0,0.0,
2022.09.14,9401888.0,60.0,8340483.0,88.7,93.0,8261426.0,87.9,412.0,6057235.0,64.4,9401888.0,1961.0,1224104.0,13.0,0.0,0.0,
2022.09.13,9401888.0,52.0,8340440.0,88.7,95.0,8261347.0,87.9,440.0,6056831.0,64.4,9401888.0,1699.0,1222141.0,13.0,0.0,0.0,
2022.09.12,9401888.0,18.0,8340297.0,88.7,17.0,8261157.0,87.9,96.0,6056311.0,64.4,9401888.0,266.0,1220415.0,13.0,0.0,0.0,
2022.09.07,9401888.0,65.0,8340294.0,88.7,82.0,8261145.0,87.9,486.0,6055570.0,64.4,9401888.0,2184.0,1217684.0,13.0,0.0,0.0,
2022.09.06,9401888.0,52.0,8340281.0,88.7,48.0,8261117.0,87.9,412.0,6055101.0,64.4,9401888.0,2201.0,1215470.0,12.9,0.0,0.0,
2022.09.05,9401888.0,50.0,8340319.0,88.7,39.0,8261154.0,87.9,495.0,6054723.0,64.4,9401888.0,2545.0,1213257.0,12.9,0.0,0.0,
2022.09.04,9401888.0,97.0,8340193.0,88.7,101.0,8261037.0,87.9,989.0,6054158.0,64.4,9401888.0,8492.0,1210639.0,12.9,0.0,0.0,
2022.09.01,9401888.0,55.0,8340208.0,88.7,64.0,8261030.0,87.9,486.0,6053169.0,64.4,9401888.0,3323.0,1202147.0,12.8,0.0,0.0,
2022.08.31,9401888.0,50.0,8340199.0,88.7,60.0,8261005.0,87.9,473.0,6052690.0,64.4,9401888.0,3833.0,1198795.0,12.8,0.0,0.0,
2022.08.30,9401888.0,44.0,8340240.0,88.7,48.0,8261028.0,87.9,437.0,6052290.0,64.4,9401888.0,4200.0,1194963.0,12.7,0.0,0.0,
2022.08.29,9401888.0,73.0,8340286.0,88.7,84.0,8261062.0,87.9,650.0,6051921.0,64.4,9401888.0,5091.0,1190711.0,12.7,0.0,0.0,
2022.08.28,9401888.0,127.0,8340107.0,88.7,117.0,8260876.0,87.9,1170.0,6051174.0,64.4,9401888.0,14755.0,1185563.0,12.6,0.0,0.0,
2022.08.25,9401888.0,57.0,8340121.0,88.7,71.0,8260923.0,87.9,587.0,6050004.0,64.3,9401888.0,5439.0,1170808.0,12.5,0.0,0.0,
2022.08.24,9401888.0,72.0,8340082.0,88.7,68.0,8260864.0,87.9,506.0,6049408.0,64.3,9401888.0,5590.0,1165344.0,12.4,0.0,0.0,
2022.08.23,9401888.0,75.0,8340040.0,88.7,60.0,8260830.0,87.9,556.0,6048896.0,64.3,9401888.0,6792.0,1159699.0,12.3,0.0,0.0,
2022.08.22,9401888.0,115.0,8340024.0,88.7,96.0,8260827.0,87.9,669.0,6048360.0,64.3,9401888.0,7898.0,1152870.0,12.3,0.0,0.0,
2022.08.21,9401888.0,188.0,8339837.0,88.7,132.0,8260661.0,87.9,1535.0,6047625.0,64.3,9401888.0,24571.0,1144936.0,12.2,0.0,0.0,
2022.08.18,9401888.0,89.0,8339819.0,88.7,82.0,8260737.0,87.9,690.0,6046090.0,64.3,9401888.0,9288.0,1120365.0,11.9,0.0,0.0,
2022.08.16,9401888.0,105.0,8339782.0,88.7,98.0,8260695.0,87.9,619.0,6044835.0,64.3,9401888.0,8389.0,1101507.0,11.7,0.0,0.0,
2022.08.15,9401888.0,128.0,8339540.0,88.7,140.0,8260467.0,87.9,998.0,6044106.0,64.3,9401888.0,17437.0,1092885.0,11.6,0.0,0.0,
2022.08.11,9401888.0,77.0,8339568.0,88.7,84.0,8260501.0,87.9,768.0,6042503.0,64.3,9401888.0,9890.0,1065091.0,11.3,0.0,0.0,
2022.08.10,9401888.0,93.0,8339538.0,88.7,103.0,8260457.0,87.9,729.0,6041757.0,64.3,9401888.0,10510.0,1055162.0,11.2,0.0,0.0,
2022.08.09,9401888.0,81.0,8339517.0,88.7,88.0,8260428.0,87.9,678.0,6041064.0,64.3,9401888.0,12083.0,1044488.0,11.1,0.0,0.0,
2022.08.08,9401888.0,93.0,8339526.0,88.7,94.0,8260431.0,87.9,806.0,6040457.0,64.2,9401888.0,14013.0,1032276.0,11.0,0.0,0.0,
2022.08.07,9401888.0,19.0,8339331.0,88.7,0.0,8260230.0,87.9,1787.0,6039576.0,64.2,9401888.0,40246.0,1018109.0,10.8,0.0,0.0,
2022.08.04,9401888.0,93.0,8339312.0,88.7,88.0,8260265.0,87.9,821.0,6037789.0,64.2,9401888.0,14015.0,977863.0,10.4,0.0,0.0,
2022.08.02,9401888.0,76.0,8339311.0,88.7,55.0,8260293.0,87.9,770.0,6036392.0,64.2,9401888.0,16960.0,948331.0,10.1,0.0,0.0,
2022.08.01,9401888.0,103.0,8339305.0,88.7,123.0,8260298.0,87.9,881.0,6035683.0,64.2,9401888.0,18707.0,931114.0,9.9,0.0,0.0,
2022.07.31,9401888.0,104.0,8339047.0,88.7,156.0,8260018.0,87.9,1599.0,6034660.0,64.2,9401888.0,24394.0,912266.0,9.7,0.0,0.0,
2022.07.28,9401888.0,101.0,8338943.0,88.7,103.0,8259862.0,87.9,741.0,6033061.0,64.2,9401888.0,8544.0,887872.0,9.4,0.0,0.0,
2022.07.27,9401888.0,79.0,8338897.0,88.7,75.0,8259805.0,87.9,715.0,6032357.0,64.2,9401888.0,9730.0,879158.0,9.4,0.0,0.0,
2022.07.26,9401888.0,86.0,8338877.0,88.7,78.0,8259788.0,87.9,815.0,6031672.0,64.2,9401888.0,11425.0,869344.0,9.2,0.0,0.0,
2022.07.25,9401888.0,130.0,8338815.0,88.7,104.0,8259734.0,87.9,1106.0,6030846.0,64.1,9401888.0,13525.0,857629.0,9.1,0.0,0.0,
2022.07.24,9401888.0,208.0,8338554.0,88.7,156.0,8259495.0,87.8,2595.0,6029646.0,64.1,9401888.0,39193.0,843998.0,9.0,0.0,0.0,
2022.07.21,9401888.0,114.0,8338346.0,88.7,102.0,8259339.0,87.8,1053.0,6027051.0,64.1,9401888.0,13875.0,804805.0,8.6,0.0,0.0,
2022.07.20,9401888.0,114.0,8338216.0,88.7,93.0,8259214.0,87.8,913.0,6025966.0,64.1,9401888.0,12639.0,790743.0,8.4,0.0,0.0,
2022.07.17,9401888.0,111.0,8337765.0,88.7,226.0,8258772.0,87.8,1643.0,6023021.0,64.1,9401888.0,12933.0,753906.0,8.0,0.0,0.0,
2022.07.14,9401888.0,72.0,8337654.0,88.7,93.0,8258546.0,87.8,693.0,6021378.0,64.0,9401888.0,4063.0,740973.0,7.9,0.0,0.0,
2022.07.13,9401888.0,65.0,8337520.0,88.7,81.0,8258393.0,87.8,535.0,6020628.0,64.0,9401888.0,3010.0,736892.0,7.8,0.0,0.0,
2022.07.12,9401888.0,72.0,8337435.0,88.7,77.0,8258295.0,87.8,485.0,6020066.0,64.0,9401888.0,2958.0,733832.0,7.8,0.0,0.0,
2022.07.11,9401888.0,100.0,8337334.0,88.7,122.0,8258192.0,87.8,652.0,6019526.0,64.0,9401888.0,2572.0,730838.0,7.8,0.0,0.0,
2022.07.10,9401888.0,200.0,8337093.0,88.7,417.0,8257924.0,87.8,1268.0,6018768.0,64.0,9401888.0,6066.0,728198.0,7.7,0.0,0.0,
2022.07.07,9401888.0,54.0,8336893.0,88.7,96.0,8257507.0,87.8,399.0,6017500.0,64.0,9401888.0,1745.0,722132.0,7.7,0.0,0.0,
2022.07.06,9401888.0,51.0,8336866.0,88.7,104.0,8257428.0,87.8,429.0,6017103.0,64.0,9401888.0,1711.0,720383.0,7.7,0.0,0.0,
2022.07.05,9401888.0,47.0,8336835.0,88.7,108.0,8257343.0,87.8,332.0,6016674.0,64.0,9401888.0,1453.0,718636.0,7.6,0.0,0.0,
2022.07.04,9401888.0,58.0,8336781.0,88.7,115.0,8257223.0,87.8,455.0,6016335.0,64.0,9401888.0,1251.0,717163.0,7.6,0.0,0.0,
2022.07.03,9401888.0,20.0,8336619.0,88.7,288.0,8257000.0,87.8,758.0,6015770.0,64.0,9401888.0,3125.0,715890.0,7.6,0.0,0.0,
2022.06.30,9401888.0,58.0,8336599.0,88.7,76.0,8256712.0,87.8,370.0,6015012.0,64.0,9401888.0,1239.0,712765.0,7.6,0.0,0.0,
2022.06.29,9401888.0,63.0,8336537.0,88.7,104.0,8256635.0,87.8,321.0,6014618.0,64.0,9401888.0,1181.0,711536.0,7.6,0.0,0.0,
2022.06.28,9401888.0,31.0,8336431.0,88.7,100.0,8256487.0,87.8,350.0,6014242.0,64.0,9401888.0,1274.0,710326.0,7.6,0.0,0.0,
2022.06.27,9401888.0,63.0,8336511.0,88.7,113.0,8256482.0,87.8,501.0,6013962.0,64.0,9401888.0,1373.0,709063.0,7.5,0.0,0.0,
2022.06.26,9401888.0,0.0,8336292.0,88.7,0.0,8256213.0,87.8,5.0,6013317.0,64.0,9401888.0,8.0,707636.0,7.5,0.0,0.0,
2022.06.23,9401888.0,57.0,8336198.0,88.7,102.0,8255634.0,87.8,385.0,6012463.0,63.9,9401888.0,1184.0,704005.0,7.5,0.0,0.0,
2022.06.22,9401888.0,65.0,8336125.0,88.7,92.0,8255521.0,87.8,368.0,6012058.0,63.9,9401888.0,1229.0,702732.0,7.5,0.0,0.0,
2022.06.21,9401888.0,54.0,8336080.0,88.7,110.0,8255449.0,87.8,366.0,6011692.0,63.9,9401888.0,1251.0,701481.0,7.5,0.0,0.0,
2022.06.20,9401888.0,57.0,8336021.0,88.7,156.0,8255321.0,87.8,466.0,6011282.0,63.9,9401888.0,1330.0,700209.0,7.4,0.0,0.0,
2022.06.19,9401888.0,0.0,8335816.0,88.7,3.0,8255018.0,87.8,7.0,6010679.0,63.9,9401888.0,11.0,698860.0,7.4,0.0,0.0,
2022.06.18,9401888.0,45.0,8335866.0,88.7,218.0,8255063.0,87.8,266.0,6010707.0,63.9,9401888.0,723.0,698847.0,7.4,0.0,0.0,
2022.06.17,9401888.0,92.0,8335881.0,88.7,433.0,8254841.0,87.8,711.0,6010431.0,63.9,9401888.0,2812.0,697977.0,7.4,0.0,0.0,
2022.06.16,9401888.0,67.0,8335757.0,88.7,160.0,8254373.0,87.8,457.0,6009662.0,63.9,9401888.0,1333.0,695141.0,7.4,0.0,0.0,
2022.06.15,9401888.0,61.0,8335659.0,88.7,131.0,8254182.0,87.8,487.0,6009176.0,63.9,9401888.0,1800.0,693770.0,7.4,0.0,0.0,
2022.06.14,9401888.0,69.0,8335613.0,88.7,115.0,8254071.0,87.8,408.0,6008662.0,63.9,9401888.0,1747.0,691949.0,7.4,0.0,0.0,
2022.06.13,9401888.0,73.0,8335637.0,88.7,163.0,8254039.0,87.8,595.0,6008333.0,63.9,9401888.0,1932.0,690210.0,7.3,0.0,0.0,
2022.06.12,9401888.0,0.0,8335411.0,88.7,1.0,8253719.0,87.8,6.0,6007621.0,63.9,9401888.0,18.0,688232.0,7.3,0.0,0.0,
2022.06.11,9401888.0,74.0,8335455.0,88.7,305.0,8253761.0,87.8,343.0,6007649.0,63.9,9401888.0,1140.0,688218.0,7.3,0.0,0.0,
2022.06.10,9401888.0,145.0,8335477.0,88.7,735.0,8253506.0,87.8,920.0,6007373.0,63.9,9401888.0,4532.0,687042.0,7.3,0.0,0.0,
2022.06.09,9401888.0,67.0,8335300.0,88.7,194.0,8252594.0,87.8,567.0,6005922.0,63.9,9401888.0,2878.0,680311.0,7.2,0.0,0.0,
2022.06.08,9401888.0,67.0,8335300.0,88.7,194.0,8252594.0,87.8,567.0,6005922.0,63.9,9401888.0,2878.0,680311.0,7.2,0.0,0.0,
2022.06.07,9401888.0,78.0,8335185.0,88.7,166.0,8252348.0,87.8,609.0,6005286.0,63.9,9401888.0,2428.0,677405.0,7.2,0.0,0.0,
2022.06.06,9401888.0,11.0,8334938.0,88.7,11.0,8252006.0,87.8,69.0,6004516.0,63.9,9401888.0,59.0,674944.0,7.2,0.0,0.0,
2022.06.05,9401888.0,2.0,8334931.0,88.7,1.0,8251998.0,87.8,16.0,6004451.0,63.9,9401888.0,19.0,674885.0,7.2,0.0,0.0,
2022.06.04,9401888.0,95.0,8334950.0,88.7,395.0,8252019.0,87.8,458.0,6004443.0,63.9,9401888.0,1813.0,674867.0,7.2,0.0,0.0,
2022.06.03,9401888.0,201.0,8334976.0,88.6,980.0,8251703.0,87.8,1369.0,6004048.0,63.9,9401888.0,7099.0,673002.0,7.2,0.0,0.0,
2022.06.02,9401888.0,86.0,8334711.0,88.6,225.0,8250652.0,87.8,1112.0,6002601.0,63.8,9401888.0,2910.0,665892.0,7.1,0.0,0.0,
2022.06.01,9401888.0,17.0,8334526.0,88.6,62.0,8250338.0,87.8,188.0,6001417.0,63.8,9401888.0,437.0,662961.0,7.1,0.0,0.0,
2022.05.31,9401888.0,127.0,8334592.0,88.6,230.0,8250366.0,87.8,882.0,6001262.0,63.8,9401888.0,4692.0,662522.0,7.0,0.0,0.0,
2022.05.30,9401888.0,107.0,8334531.0,88.6,250.0,8250198.0,87.8,1211.0,6000405.0,63.8,9401888.0,4841.0,657787.0,7.0,0.0,0.0,
2022.05.29,9401888.0,2.0,8334316.0,88.6,7.0,8249840.0,87.7,22.0,5999088.0,63.8,9401888.0,55.0,652862.0,6.9,0.0,0.0,
2022.05.28,9401888.0,112.0,8334349.0,88.6,502.0,8249867.0,87.7,562.0,5999093.0,63.8,9401888.0,2963.0,652797.0,6.9,0.0,0.0,
2022.05.27,9401888.0,233.0,8334314.0,88.6,1039.0,8249405.0,87.7,1458.0,5998521.0,63.8,9401888.0,11765.0,649769.0,6.9,0.0,0.0,
2022.05.26,9401888.0,107.0,8334050.0,88.6,285.0,8248339.0,87.7,957.0,5997006.0,63.8,9401888.0,5525.0,637933.0,6.8,0.0,0.0,
2022.05.25,9401888.0,95.0,8333936.0,88.6,159.0,8248045.0,87.7,847.0,5996023.0,63.8,9401888.0,5976.0,632281.0,6.7,0.0,0.0,
2022.05.24,9401888.0,93.0,8333819.0,88.6,113.0,8247865.0,87.7,841.0,5995131.0,63.8,9401888.0,7084.0,626185.0,6.7,0.0,0.0,
2022.05.23,9401888.0,110.0,8333722.0,88.6,145.0,8247753.0,87.7,1196.0,5994227.0,63.8,9401888.0,6641.0,619058.0,6.6,0.0,0.0,
2022.05.22,9401888.0,2.0,8333483.0,88.6,2.0,8247474.0,87.7,15.0,5992946.0,63.7,9401888.0,44.0,612363.0,6.5,0.0,0.0,
2022.05.21,9401888.0,118.0,8333511.0,88.6,126.0,8247502.0,87.7,645.0,5992941.0,63.7,9401888.0,3749.0,612318.0,6.5,0.0,0.0,
2022.05.20,9401888.0,210.0,8333313.0,88.6,355.0,8247133.0,87.7,1638.0,5990634.0,63.7,9401888.0,15581.0,592735.0,6.5,0.0,0.0,
2022.05.19,9401888.0,112.0,8333313.0,88.6,140.0,8247133.0,87.7,1072.0,5990634.0,63.7,9401888.0,7454.0,592735.0,6.3,0.0,0.0,
2022.05.18,9401888.0,106.0,8333211.0,88.6,127.0,8247005.0,87.7,995.0,5989537.0,63.7,9401888.0,7877.0,585182.0,6.2,0.0,0.0,
2022.05.17,9401888.0,91.0,8333134.0,88.6,105.0,8246916.0,87.7,984.0,5988476.0,63.7,9401888.0,9873.0,577222.0,6.1,0.0,0.0,
2022.05.16,9401888.0,127.0,8333032.0,88.6,154.0,8246798.0,87.7,1283.0,5987439.0,63.7,9401888.0,9400.0,567245.0,6.0,0.0,0.0,
2022.05.15,9401888.0,6.0,8332818.0,88.6,1.0,8246547.0,87.7,16.0,5986064.0,63.7,9401888.0,86.0,557798.0,5.9,0.0,0.0,
2022.05.14,9401888.0,170.0,8332868.0,88.6,150.0,8246606.0,87.7,702.0,5986097.0,63.7,9401888.0,6018.0,557702.0,5.9,0.0,0.0,
2022.05.13,9401888.0,236.0,8332780.0,88.6,311.0,8246536.0,87.7,1694.0,5985314.0,63.7,9401888.0,23392.0,550834.0,5.9,0.0,0.0,
2022.05.12,9401888.0,100.0,8332525.0,88.6,161.0,8246202.0,87.7,1312.0,5983607.0,63.6,9401888.0,13083.0,527311.0,5.6,0.0,0.0,
2022.05.11,9401888.0,105.0,8332472.0,88.6,159.0,8246079.0,87.7,1271.0,5982236.0,63.6,9401888.0,13643.0,514131.0,5.5,0.0,0.0,
2022.05.10,9401888.0,131.0,8332404.0,88.6,135.0,8245952.0,87.7,1239.0,5980938.0,63.6,9401888.0,17227.0,500337.0,5.3,0.0,0.0,
2022.05.09,9401888.0,145.0,8332294.0,88.6,174.0,8245835.0,87.7,1805.0,5979751.0,63.6,9401888.0,16048.0,482950.0,5.1,0.0,0.0,
2022.05.08,9401888.0,1.0,8332038.0,88.6,0.0,8245540.0,87.7,20.0,5977804.0,63.6,9401888.0,88.0,466848.0,5.0,0.0,0.0,
2022.05.07,9401888.0,116.0,8332055.0,88.6,137.0,8245562.0,87.7,814.0,5977788.0,63.6,9401888.0,8479.0,466725.0,5.0,0.0,0.0,
2022.05.06,9401888.0,350.0,8332068.0,88.6,471.0,8245547.0,87.7,2883.0,5977009.0,63.6,9401888.0,38154.0,458021.0,4.9,0.0,0.0,
2022.05.05,9401888.0,9.0,8331631.0,88.6,8.0,8244991.0,87.7,101.0,5973960.0,63.5,9401888.0,523.0,419713.0,4.5,0.0,0.0,
2022.05.04,9401888.0,161.0,8331737.0,88.6,170.0,8245101.0,87.7,1550.0,5973891.0,63.5,9401888.0,21656.0,419007.0,4.5,0.0,0.0,
2022.05.03,9401888.0,126.0,8331636.0,88.6,169.0,8244988.0,87.7,1686.0,5972363.0,63.5,9401888.0,25756.0,397248.0,4.2,0.0,0.0,
2022.05.02,9401888.0,183.0,8331595.0,88.6,181.0,8244906.0,87.7,1977.0,5970770.0,63.5,9401888.0,26727.0,371260.0,3.9,0.0,0.0,
2022.05.01,9401888.0,2.0,8331231.0,88.6,0.0,8244535.0,87.7,20.0,5968640.0,63.5,9401888.0,200.0,344439.0,3.7,0.0,0.0,
2022.04.30,9401888.0,238.0,8331269.0,88.6,214.0,8244567.0,87.7,1085.0,5968636.0,63.5,9401888.0,14940.0,344216.0,3.7,0.0,0.0,
2022.04.29,9401888.0,480.0,8331247.0,88.6,554.0,8244585.0,87.7,3081.0,5967685.0,63.5,9401888.0,62443.0,328997.0,3.5,0.0,0.0,
2022.04.28,9401888.0,159.0,8330802.0,88.6,269.0,8244064.0,87.7,1840.0,5964584.0,63.4,9401888.0,32157.0,266484.0,2.8,0.0,0.0,
2022.04.27,9401888.0,157.0,8330624.0,88.6,188.0,8243775.0,87.7,1419.0,5962660.0,63.4,9401888.0,33440.0,233955.0,2.5,0.0,0.0,
2022.04.26,9401888.0,173.0,8330488.0,88.6,182.0,8243603.0,87.7,1346.0,5961216.0,63.4,9401888.0,35756.0,200262.0,2.1,0.0,0.0,
2022.04.25,9401888.0,176.0,8330302.0,88.6,227.0,8243405.0,87.7,1804.0,5959796.0,63.4,9401888.0,36464.0,164120.0,1.7,0.0,0.0,
2022.04.24,9401888.0,3.0,8330042.0,88.6,2.0,8243081.0,87.7,28.0,5957880.0,63.4,9401888.0,118.0,127583.0,1.4,0.0,0.0,
2022.04.23,9401888.0,238.0,8330038.0,88.6,226.0,8243076.0,87.7,1011.0,5957849.0,63.4,9401888.0,6014.0,127461.0,1.4,0.0,0.0,
2022.04.22,9401888.0,593.0,8329882.0,88.6,651.0,8242947.0,87.7,3092.0,5956856.0,63.4,9401888.0,21899.0,121233.0,1.3,0.0,0.0,
2022.04.21,9401888.0,182.0,8329265.0,88.6,248.0,8242260.0,87.7,1969.0,5953671.0,63.3,9401888.0,9984.0,99242.0,1.1,0.0,0.0,
2022.04.20,9401888.0,145.0,8329133.0,88.6,170.0,8242054.0,87.7,1493.0,5951748.0,63.3,9401888.0,9169.0,89153.0,0.9,0.0,0.0,
2022.04.19,9401888.0,112.0,8328950.0,88.6,153.0,8241849.0,87.7,1161.0,5950191.0,63.3,9401888.0,9013.0,79927.0,0.9,0.0,0.0,
2022.04.18,9401888.0,135.0,8328836.0,88.6,208.0,8241677.0,87.7,1726.0,5948932.0,63.3,9401888.0,8902.0,70771.0,0.8,0.0,0.0,
2022.04.17,9401888.0,13.0,8328542.0,88.6,2.0,8241304.0,87.7,22.0,5947048.0,63.3,9401888.0,45.0,61818.0,0.7,0.0,0.0,
2022.04.16,9401888.0,323.0,8328527.0,88.6,211.0,8241299.0,87.7,1367.0,5947011.0,63.3,9401888.0,3017.0,61766.0,0.7,0.0,0.0,
2022.04.15,9401888.0,890.0,8328244.0,88.6,551.0,8241161.0,87.7,4441.0,5945600.0,63.2,9401888.0,11703.0,58588.0,0.6,0.0,0.0,
2022.04.14,9401888.0,202.0,8327332.0,88.6,246.0,8240577.0,87.6,2824.0,5941025.0,63.2,9401888.0,5800.0,46757.0,0.5,0.0,0.0,
2022.04.13,9401888.0,215.0,8327086.0,88.6,246.0,8240282.0,87.6,1985.0,5938166.0,63.2,9401888.0,594.0,40919.0,0.4,0.0,0.0,
2022.04.12,9401888.0,205.0,8326839.0,88.6,233.0,8239992.0,87.6,1683.0,5936113.0,63.1,9401888.0,463.0,40252.0,0.4,0.0,0.0,
2022.04.11,9401888.0,205.0,8326661.0,88.6,305.0,8239777.0,87.6,2495.0,5934373.0,63.1,9401888.0,415.0,39776.0,0.4,0.0,0.0,
2022.04.10,9401888.0,7.0,8326293.0,88.6,4.0,8239309.0,87.6,25.0,5931686.0,63.1,9401888.0,3.0,39306.0,0.4,0.0,0.0,
2022.04.09,9401888.0,591.0,8326302.0,88.6,228.0,8239316.0,87.6,1942.0,5931671.0,63.1,9401888.0,234.0,39303.0,0.4,0.0,0.0,
2022.04.08,9401888.0,1251.0,8325785.0,88.6,722.0,8239177.0,87.6,5435.0,5929669.0,63.1,9401888.0,1085.0,39012.0,0.4,0.0,0.0,
2022.04.07,9401888.0,337.0,8324499.0,88.5,341.0,8238419.0,87.6,3614.0,5924087.0,63.0,9401888.0,703.0,37878.0,0.4,0.0,0.0,
2022.04.06,9401888.0,320.0,8324108.0,88.5,259.0,8238015.0,87.6,2670.0,5920198.0,63.0,9401888.0,520.0,37100.0,0.4,0.0,0.0,
2022.04.05,9401888.0,332.0,8323745.0,88.5,275.0,8237703.0,87.6,2233.0,5917434.0,62.9,9401888.0,563.0,36496.0,0.4,0.0,0.0,
2022.04.04,9401888.0,457.0,8323397.0,88.5,504.0,8237412.0,87.6,3869.0,5915191.0,62.9,9401888.0,548.0,35891.0,0.4,0.0,0.0,
2022.04.03,9401888.0,11.0,8322696.0,88.5,7.0,8236668.0,87.6,66.0,5911055.0,62.9,9401888.0,8.0,35305.0,0.4,0.0,0.0,
2022.04.02,9401888.0,966.0,8322699.0,88.5,394.0,8236677.0,87.6,3175.0,5910991.0,62.9,9401888.0,281.0,35289.0,0.4,0.0,0.0,
2022.04.01,9401888.0,1615.0,8321849.0,88.5,945.0,8236414.0,87.6,6870.0,5907750.0,62.8,9401888.0,1027.0,34952.0,0.4,0.0,0.0,
2022.03.31,9401888.0,685.0,8320098.0,88.5,597.0,8235332.0,87.6,5323.0,5900668.0,62.8,9401888.0,849.0,33828.0,0.4,0.0,0.0,
2022.03.30,9401888.0,188.0,8318960.0,88.5,220.0,8234280.0,87.6,3966.0,5895152.0,62.7,9401888.0,881.0,32915.0,0.4,0.0,0.0,
2022.03.29,9401888.0,243.0,8318728.0,88.5,581.0,8234002.0,87.6,3581.0,5891093.0,62.7,9401888.0,867.0,31991.0,0.3,0.0,0.0,
2022.03.28,9401888.0,290.0,8318484.0,88.5,849.0,8233412.0,87.6,6606.0,5887380.0,62.6,9401888.0,734.0,31037.0,0.3,0.0,0.0,
2022.03.27,9401888.0,4.0,8317913.0,88.5,1.0,8232275.0,87.6,84.0,5880451.0,62.5,9401888.0,5.0,30218.0,0.3,0.0,0.0,
2022.03.26,9401888.0,242.0,8317917.0,88.5,184.0,8232282.0,87.6,5366.0,5880375.0,62.5,9401888.0,307.0,30216.0,0.3,0.0,0.0,
2022.03.25,9401888.0,563.0,8317759.0,88.5,453.0,8232164.0,87.6,11536.0,5874719.0,62.5,9401888.0,1539.0,29829.0,0.3,0.0,0.0,
2022.03.24,9401888.0,297.0,8317068.0,88.5,316.0,8231572.0,87.6,7240.0,5862830.0,62.4,9401888.0,892.0,28054.0,0.3,0.0,0.0,
2022.03.23,9401888.0,278.0,8316674.0,88.5,202.0,8231149.0,87.5,5127.0,5855356.0,62.3,9401888.0,1031.0,27064.0,0.3,0.0,0.0,
2022.03.22,9401888.0,302.0,8316319.0,88.5,208.0,8230867.0,87.5,5003.0,5850029.0,62.2,9401888.0,975.0,25760.0,0.3,0.0,0.0,
2022.03.21,9401888.0,415.0,8315994.0,88.5,362.0,8230612.0,87.5,8570.0,5844830.0,62.2,9401888.0,1037.0,24671.0,0.3,0.0,0.0,
2022.03.20,9401888.0,5.0,8315191.0,88.4,4.0,8229855.0,87.5,108.0,5835830.0,62.1,9401888.0,3.0,23400.0,0.2,0.0,0.0,
2022.03.19,9401888.0,356.0,8315182.0,88.4,324.0,8229848.0,87.5,5192.0,5835718.0,62.1,9401888.0,343.0,23396.0,0.2,0.0,0.0,
2022.03.18,9401888.0,807.0,8314802.0,88.4,917.0,8229479.0,87.5,13602.0,5830011.0,62.0,9401888.0,2004.0,22944.0,0.2,0.0,0.0,
2022.03.17,9401888.0,459.0,8313864.0,88.4,519.0,8228431.0,87.5,8497.0,5816025.0,61.9,9401888.0,1186.0,20739.0,0.2,0.0,0.0,
2022.03.16,9401888.0,372.0,8313346.0,88.4,330.0,8227846.0,87.5,5556.0,5807312.0,61.8,9401888.0,1506.0,19227.0,0.2,0.0,0.0,
2022.03.15,9401888.0,383.0,8313033.0,88.4,562.0,8227560.0,87.5,5754.0,5801689.0,61.7,9401888.0,1367.0,17539.0,0.2,0.0,0.0,
2022.03.14,9401888.0,637.0,8312602.0,88.4,831.0,8226915.0,87.5,8779.0,5795463.0,61.6,9401888.0,0.0,0.0,,0.0,0.0,
2022.03.13,9401888.0,17.0,8311681.0,88.4,4.0,8225811.0,87.5,113.0,5786401.0,61.5,9401888.0,0.0,0.0,,0.0,0.0,
2022.03.12,9401888.0,660.0,8311680.0,88.4,758.0,8225806.0,87.5,6231.0,5786263.0,61.5,9401888.0,0.0,0.0,,0.0,0.0,
2022.03.11,9401888.0,1410.0,8311183.0,88.4,2126.0,8225143.0,87.5,14801.0,5779624.0,61.5,9401888.0,0.0,0.0,,0.0,0.0,
2022.03.10,9401888.0,902.0,8309642.0,88.4,1074.0,8222838.0,87.5,11344.0,5764351.0,61.3,9401888.0,0.0,0.0,,0.0,0.0,
2022.03.09,9401888.0,216.0,8308610.0,88.4,233.0,8221622.0,87.4,1709.0,5752834.0,61.2,9401888.0,0.0,0.0,,0.0,0.0,
2022.03.08,9401888.0,953.0,8308532.0,88.4,792.0,8221482.0,87.4,7167.0,5751012.0,61.2,9401888.0,0.0,0.0,,0.0,0.0,
2022.03.07,9401888.0,1314.0,8307458.0,88.4,1038.0,8220552.0,87.4,12388.0,5743430.0,61.1,9401888.0,0.0,0.0,,0.0,0.0,
2022.03.06,9401888.0,8.0,8305935.0,88.3,31.0,8219297.0,87.4,308.0,5730846.0,61.0,9401888.0,0.0,0.0,,0.0,0.0,
2022.03.05,9401888.0,345.0,8305965.0,88.3,802.0,8219305.0,87.4,9067.0,5730542.0,61.0,9401888.0,0.0,0.0,,0.0,0.0,
2022.03.04,9401888.0,508.0,8305659.0,88.3,1057.0,8218519.0,87.4,18116.0,5720977.0,60.8,9401888.0,0.0,0.0,,0.0,0.0,
2022.03.03,9401888.0,316.0,8305075.0,88.3,621.0,8217373.0,87.4,12679.0,5702479.0,60.7,9401888.0,0.0,0.0,,0.0,0.0,
2022.03.02,9401888.0,377.0,8304717.0,88.3,758.0,8216720.0,87.4,11710.0,5689522.0,60.5,9401888.0,0.0,0.0,,0.0,0.0,
2022.03.01,9401888.0,36.0,8304050.0,88.3,45.0,8215669.0,87.4,871.0,5677586.0,60.4,9401888.0,0.0,0.0,,0.0,0.0,
2022.02.28,9401888.0,883.0,8304160.0,88.3,1341.0,8215764.0,87.4,27167.0,5676167.0,60.4,9401888.0,0.0,0.0,,0.0,0.0,
2022.02.27,9401888.0,38.0,8302038.0,88.3,76.0,8213179.0,87.4,1132.0,5648066.0,60.1,9401888.0,0.0,0.0,,0.0,0.0,
2022.02.26,9401888.0,788.0,8301125.0,88.3,1315.0,8211655.0,87.4,20363.0,5625369.0,60.1,9401888.0,0.0,0.0,,0.0,0.0,
2022.02.25,9401888.0,1390.0,8301125.0,88.3,2021.0,8211655.0,87.3,38588.0,5625369.0,59.8,9401888.0,0.0,0.0,,0.0,0.0,
2022.02.24,9401888.0,1088.0,8298829.0,88.3,1458.0,8208694.0,87.3,27103.0,5585486.0,59.4,9401888.0,0.0,0.0,,0.0,0.0,
2022.02.23,9401888.0,929.0,8296984.0,88.2,570.0,8206487.0,87.3,18726.0,5557354.0,59.1,9401888.0,0.0,0.0,,0.0,0.0,
2022.02.22,9401888.0,1035.0,8295316.0,88.2,628.0,8205164.0,87.3,19615.0,5537716.0,58.9,9401888.0,0.0,0.0,,0.0,0.0,
2022.02.21,9401888.0,1361.0,8293370.0,88.2,860.0,8203591.0,87.3,27871.0,5516838.0,58.7,9401888.0,0.0,0.0,,0.0,0.0,
2022.02.20,9401888.0,50.0,8290271.0,88.2,100.0,8201009.0,87.2,1141.0,5487454.0,58.4,9401888.0,0.0,0.0,,0.0,0.0,
2022.02.19,9401888.0,947.0,8290235.0,88.2,1491.0,8200926.0,87.2,21487.0,5486288.0,58.4,9401888.0,0.0,0.0,,0.0,0.0,
2022.02.18,9401888.0,1866.0,8289344.0,88.2,2165.0,8199492.0,87.2,40035.0,5463813.0,58.1,9401888.0,0.0,0.0,,0.0,0.0,
2022.02.17,9401888.0,1556.0,8286542.0,88.1,1495.0,8196392.0,87.2,30743.0,5422466.0,57.7,9401888.0,0.0,0.0,,0.0,0.0,
2022.02.16,9401888.0,1505.0,8284326.0,88.1,1456.0,8194196.0,87.2,21531.0,5390726.0,57.3,9401888.0,0.0,0.0,,0.0,0.0,
2022.02.15,9401888.0,1671.0,8282313.0,88.1,1555.0,8192213.0,87.1,23009.0,5368483.0,57.1,9401888.0,0.0,0.0,,0.0,0.0,
2022.02.14,9401888.0,1882.0,8280188.0,88.1,1977.0,8190187.0,87.1,32816.0,5344675.0,56.8,9401888.0,0.0,0.0,,0.0,0.0,
2022.02.13,9401888.0,47.0,8276991.0,88.0,83.0,8186884.0,87.1,1334.0,5309465.0,56.5,9401888.0,0.0,0.0,,0.0,0.0,
2022.02.12,9401888.0,865.0,8276966.0,88.0,1772.0,8186815.0,87.1,26787.0,5308110.0,56.5,9401888.0,0.0,0.0,,0.0,0.0,
2022.02.11,9401888.0,1189.0,8276266.0,88.0,2819.0,8185167.0,87.1,49613.0,5280142.0,56.2,9401888.0,0.0,0.0,,0.0,0.0,
2022.02.10,9401888.0,883.0,8274476.0,88.0,1879.0,8181700.0,87.0,36839.0,5229417.0,55.6,9401888.0,0.0,0.0,,0.0,0.0,
2022.02.09,9401888.0,845.0,8273308.0,88.0,1839.0,8179500.0,87.0,25347.0,5192005.0,55.2,9401888.0,0.0,0.0,,0.0,0.0,
2022.02.08,9401888.0,906.0,8272128.0,88.0,2198.0,8177290.0,87.0,27829.0,5165994.0,54.9,9401888.0,0.0,0.0,,0.0,0.0,
2022.02.07,9401888.0,1276.0,8270822.0,88.0,3241.0,8174675.0,86.9,43285.0,5137756.0,54.6,9401888.0,0.0,0.0,,0.0,0.0,
2022.02.06,9401888.0,77.0,8268394.0,87.9,142.0,8170256.0,86.9,2250.0,5093656.0,54.2,9401888.0,0.0,0.0,,0.0,0.0,
2022.02.05,9401888.0,1173.0,8268364.0,87.9,2736.0,8170148.0,86.9,34111.0,5091419.0,54.2,9401888.0,0.0,0.0,,0.0,0.0,
2022.02.04,9401888.0,1866.0,8267281.0,87.9,5306.0,8167419.0,86.9,59849.0,5055856.0,53.8,9401888.0,0.0,0.0,,0.0,0.0,
2022.02.03,9401888.0,1749.0,8264286.0,87.9,7135.0,8160859.0,86.8,58392.0,4994356.0,53.1,9401888.0,0.0,0.0,,0.0,0.0,
2022.02.02,9401888.0,87.0,8261034.0,87.9,141.0,8152209.0,86.7,2610.0,4934581.0,52.5,9401888.0,0.0,0.0,,0.0,0.0,
2022.02.01,9401888.0,29.0,8260929.0,87.9,40.0,8152051.0,86.7,790.0,4931878.0,52.5,9401888.0,0.0,0.0,,0.0,0.0,
2022.01.31,9401888.0,121.0,8260854.0,87.9,185.0,8151966.0,86.7,4514.0,4931033.0,52.4,9401888.0,0.0,0.0,,0.0,0.0,
2022.01.30,9401888.0,123.0,8260674.0,87.9,213.0,8151708.0,86.7,4483.0,4926122.0,52.4,9401888.0,0.0,0.0,,0.0,0.0,
2022.01.29,9401888.0,1379.0,8260439.0,87.9,3720.0,8151371.0,86.7,58784.0,4921495.0,52.3,9401888.0,0.0,0.0,,0.0,0.0,
2022.01.28,9401888.0,1985.0,8259078.0,87.8,5414.0,8147564.0,86.7,87893.0,4860585.0,51.7,9401888.0,0.0,0.0,,0.0,0.0,
2022.01.27,9401888.0,1401.0,8256582.0,87.8,3632.0,8141573.0,86.6,59051.0,4771448.0,50.7,9401888.0,0.0,0.0,,0.0,0.0,
2022.01.26,9401888.0,1325.0,8254731.0,87.8,3566.0,8137405.0,86.6,45468.0,4711323.0,50.1,9401888.0,0.0,0.0,,0.0,0.0,
2022.01.25,9401888.0,1252.0,8253058.0,87.8,4409.0,8133400.0,86.5,42318.0,4665071.0,49.6,9401888.0,0.0,0.0,,0.0,0.0,
2022.01.24,9401888.0,1669.0,8251502.0,87.8,6128.0,8128558.0,86.5,52910.0,4622026.0,49.2,9401888.0,0.0,0.0,,0.0,0.0,
2022.01.23,9401888.0,86.0,8248713.0,87.7,313.0,8121284.0,86.4,2235.0,4568382.0,48.6,9401888.0,0.0,0.0,,0.0,0.0,
2022.01.22,9401888.0,1409.0,8248700.0,87.7,2799.0,8121039.0,86.4,45036.0,4566203.0,48.6,9401888.0,0.0,0.0,,0.0,0.0,
2022.01.21,9401888.0,2176.0,8247509.0,87.7,8320.0,8118261.0,86.3,79774.0,4519749.0,48.1,9401888.0,0.0,0.0,,0.0,0.0,
2022.01.20,9401888.0,1480.0,8244897.0,87.7,5848.0,8109394.0,86.3,51967.0,4438807.0,47.2,9401888.0,0.0,0.0,,0.0,0.0,
2022.01.19,9401888.0,1432.0,8243145.0,87.7,5744.0,8103195.0,86.2,36387.0,4385975.0,46.6,9401888.0,0.0,0.0,,0.0,0.0,
2022.01.18,9401888.0,1735.0,8241434.0,87.7,6488.0,8097109.0,86.1,44680.0,4349399.0,46.3,9401888.0,0.0,0.0,,0.0,0.0,
2022.01.17,9401888.0,2280.0,8239400.0,87.6,10094.0,8090244.0,86.0,70311.0,4304485.0,45.8,9401888.0,0.0,0.0,,0.0,0.0,
2022.01.16,9401888.0,118.0,8235941.0,87.6,577.0,8078945.0,85.9,3289.0,4233567.0,45.0,9401888.0,0.0,0.0,,0.0,0.0,
2022.01.15,9401888.0,1904.0,8235942.0,87.6,4587.0,8078465.0,85.9,53011.0,4230343.0,45.0,9401888.0,0.0,0.0,,0.0,0.0,
2022.01.14,9401888.0,3228.0,8234238.0,87.6,12951.0,8073652.0,85.9,93360.0,4175126.0,44.4,9401888.0,0.0,0.0,,0.0,0.0,
2022.01.13,9401888.0,2379.0,8230606.0,87.5,10320.0,8060382.0,85.7,60252.0,4080181.0,43.4,9401888.0,0.0,0.0,,0.0,0.0,
2022.01.12,9401888.0,2352.0,8227788.0,87.5,10888.0,8049504.0,85.6,46088.0,4019205.0,42.7,9401888.0,0.0,0.0,,0.0,0.0,
2022.01.11,9401888.0,2853.0,8225014.0,87.5,10733.0,8038001.0,85.5,55477.0,3972202.0,42.2,9401888.0,0.0,0.0,,0.0,0.0,
2022.01.10,9401888.0,3721.0,8221683.0,87.4,16667.0,8026621.0,85.4,77267.0,3915982.0,41.7,9401888.0,0.0,0.0,,0.0,0.0,
2022.01.09,9401888.0,144.0,8216392.0,87.4,788.0,8008287.0,85.2,2926.0,3837808.0,40.8,9401888.0,0.0,0.0,,0.0,0.0,
2022.01.08,9401888.0,2552.0,8216475.0,87.4,12017.0,8007678.0,85.2,64827.0,3835015.0,40.8,9401888.0,0.0,0.0,,0.0,0.0,
2022.01.07,9505868.0,642.0,8203031.0,86.3,685.0,7941012.0,83.5,5694.0,3385648.0,35.6,9505868.0,0.0,0.0,,0.0,0.0,
2022.01.06,9401888.0,2833.0,8209818.0,87.3,11544.0,7978639.0,84.9,64629.0,3664712.0,39.0,9401888.0,0.0,0.0,,0.0,0.0,
2022.01.05,9401888.0,2907.0,8206489.0,87.3,10284.0,7966424.0,84.7,54988.0,3598300.0,38.3,9401888.0,0.0,0.0,,0.0,0.0,
2022.01.04,9401888.0,3998.0,8202972.0,87.2,8510.0,7955403.0,84.6,60977.0,3540896.0,37.7,9401888.0,0.0,0.0,,0.0,0.0,
2022.01.03,9401888.0,6135.0,8198110.0,87.2,12197.0,7945831.0,84.5,87140.0,3477076.0,37.0,9401888.0,0.0,0.0,,0.0,0.0,
2022.01.02,9505868.0,321.0,8203299.0,86.3,367.0,7941336.0,83.5,3363.0,3389052.0,35.7,9505868.0,0.0,0.0,,0.0,0.0,
2022.01.01,9505868.0,642.0,8203031.0,86.3,685.0,7941012.0,83.5,5694.0,3385648.0,35.6,9505868.0,0.0,0.0,,0.0,0.0,
2021.12.31,9505868.0,8169.0,8202787.0,86.3,9119.0,7940669.0,83.5,124821.0,3375767.0,35.5,9505868.0,0.0,0.0,,0.0,0.0,
2021.12.30,9505868.0,6205.0,8193446.0,86.2,6787.0,7930253.0,83.4,89986.0,3246655.0,34.2,9505868.0,0.0,0.0,,0.0,0.0,
2021.12.29,9505868.0,6433.0,8186171.0,86.1,6829.0,7922272.0,83.3,89704.0,3152648.0,33.2,9505868.0,0.0,0.0,,0.0,0.0,
2021.12.29,9505868.0,6433.0,8186171.0,86.1,6829.0,7922272.0,83.3,89704.0,3152648.0,64.5,9505868.0,0.0,0.0,,0.0,0.0,
2021.12.28,9505868.0,6756.0,8178419.0,86.0,6998.0,7914050.0,83.3,101467.0,3058227.0,62.5,4890972.0,0.0,0.0,,0.0,0.0,
2021.12.27,9505868.0,10909.0,8170476.0,86.0,11292.0,7905709.0,83.2,133528.0,2951272.0,60.4,4889781.0,0.0,0.0,,0.0,0.0,
2021.12.26,9505868.0,588.0,8157184.0,85.8,302.0,7891991.0,83.0,4917.0,2816539.0,57.6,4889820.0,0.0,0.0,,0.0,0.0,
2021.12.25,9505868.0,1311.0,8156579.0,85.8,760.0,7891675.0,83.0,9140.0,2811221.0,57.5,4889820.0,0.0,0.0,,0.0,0.0,
2021.12.24,9505868.0,12005.0,8155785.0,85.8,7438.0,7891397.0,83.0,136599.0,2799633.0,57.3,4889820.0,0.0,0.0,,0.0,0.0,
2021.12.23,9505868.0,10829.0,8142518.0,85.7,5278.0,7882655.0,82.9,96847.0,2658645.0,53.9,4931412.0,0.0,0.0,,0.0,0.0,
2021.12.22,9505868.0,12530.0,8130240.0,85.5,5940.0,7875779.0,82.9,103929.0,2556957.0,51.9,4931412.0,0.0,0.0,,0.0,0.0,
2021.12.21,9505868.0,11585.0,8116142.0,85.4,6111.0,7868214.0,82.8,115229.0,2448022.0,49.6,4931412.0,0.0,0.0,,0.0,0.0,
2021.12.20,9505868.0,18242.0,8102651.0,85.2,9111.0,7860254.0,82.7,151971.0,2326441.0,47.2,4931412.0,0.0,0.0,,0.0,0.0,
2021.12.19,9505868.0,1092.0,8081511.0,85.0,327.0,7848156.0,82.6,6576.0,2173116.0,44.1,4931412.0,0.0,0.0,,0.0,0.0,
2021.12.18,9505868.0,12231.0,8081114.0,85.0,7185.0,7848461.0,82.6,110052.0,2166369.0,43.9,4931412.0,0.0,0.0,,0.0,0.0,
2021.12.17,9505868.0,16484.0,8068292.0,84.9,12303.0,7840748.0,82.5,213984.0,2048239.0,41.5,4931412.0,0.0,0.0,,0.0,0.0,
2021.12.16,9505868.0,13183.0,8049235.0,84.7,8643.0,7825944.0,82.3,160375.0,1828394.0,37.1,4931412.0,0.0,0.0,,0.0,0.0,
2021.12.15,9505868.0,11851.0,8034078.0,84.5,7820.0,7815332.0,82.2,170057.0,1663071.0,17.5,4931412.0,0.0,0.0,,0.0,0.0,
2021.12.14,9505868.0,11156.0,8008859.0,84.3,10094.0,7795782.0,82.0,143908.0,1344229.0,14.1,0.0,0.0,0.0,,0.0,0.0,
2021.12.13,9505868.0,11156.0,8008859.0,84.3,10094.0,7795782.0,82.0,143908.0,1344229.0,14.1,0.0,0.0,0.0,,0.0,0.0,
2021.12.12,9505868.0,304.0,7994449.0,84.1,284.0,7782371.0,81.9,1826.0,1199359.0,12.6,0.0,0.0,0.0,,0.0,0.0,
2021.12.11,9505868.0,4597.0,7994240.0,84.1,6048.0,7782165.0,81.9,59658.0,1197488.0,12.6,0.0,0.0,0.0,,0.0,0.0,
2021.12.10,9505868.0,7970.0,7989408.0,84.0,11764.0,7775785.0,81.8,144509.0,1134791.0,11.9,0.0,0.0,0.0,,0.0,0.0,
2021.12.09,9505868.0,6632.0,7978215.0,83.9,7730.0,7760751.0,81.6,82159.0,988855.0,10.4,0.0,0.0,0.0,,0.0,0.0,
2021.12.08,9505868.0,6644.0,7970030.0,83.8,7177.0,7751421.0,81.5,54764.0,905390.0,9.5,0.0,0.0,0.0,,0.0,0.0,
2021.12.07,9505868.0,6319.0,7962979.0,83.8,6866.0,7743802.0,81.5,54225.0,849830.0,8.9,0.0,0.0,0.0,,0.0,0.0,
2021.12.06,9505868.0,9131.0,7955953.0,83.7,11854.0,7736180.0,81.4,62802.0,794615.0,8.4,0.0,0.0,0.0,,0.0,0.0,
2021.12.05,9505868.0,346.0,7945695.0,83.6,400.0,7723156.0,81.2,961.0,731310.0,7.7,0.0,0.0,0.0,,0.0,0.0,
2021.12.04,9505868.0,4416.0,7945451.0,83.6,9250.0,7722859.0,81.2,21998.0,730357.0,7.7,0.0,0.0,0.0,,0.0,0.0,
2021.12.03,9505868.0,6418.0,7940840.0,83.5,14436.0,7713303.0,81.1,56517.0,707480.0,7.4,0.0,0.0,0.0,,0.0,0.0,
2021.12.02,9505868.0,3613.0,7933770.0,83.5,8315.0,7698119.0,81.0,34397.0,649999.0,6.8,0.0,0.0,0.0,,0.0,0.0,
2021.12.01,9505868.0,3716.0,7929739.0,83.4,9409.0,7689314.0,80.9,28638.0,614720.0,6.5,0.0,0.0,0.0,,0.0,0.0,
2021.11.30,9505868.0,3553.0,7925505.0,83.4,8131.0,7679279.0,80.8,31654.0,584975.0,6.2,0.0,0.0,0.0,,0.0,0.0,
2021.11.29,9505868.0,5440.0,7921614.0,83.3,18437.0,7670805.0,80.7,35757.0,552580.0,5.8,0.0,0.0,0.0,,0.0,0.0,
2021.11.28,9505868.0,167.0,7915339.0,83.3,325.0,7651555.0,80.5,608.0,515771.0,5.4,0.0,0.0,0.0,,0.0,0.0,
2021.11.27,9505868.0,5667.0,7915298.0,83.3,7969.0,7651294.0,80.5,14990.0,515111.0,5.4,0.0,0.0,0.0,,0.0,0.0,
2021.11.26,9505868.0,8474.0,7909670.0,83.2,14197.0,7643078.0,80.4,52625.0,498855.0,5.2,0.0,0.0,0.0,,0.0,0.0,
2021.11.25,9505868.0,6294.0,7900655.0,83.1,10593.0,7628192.0,80.2,32819.0,444766.0,4.7,0.0,0.0,0.0,,0.0,0.0,
2021.11.24,9505868.0,6341.0,7893987.0,83.0,9394.0,7617213.0,80.1,23252.0,411051.0,4.3,0.0,0.0,0.0,,0.0,0.0,
2021.11.23,9505868.0,4686.0,7887218.0,83.0,7636.0,7607270.0,80.0,21942.0,386645.0,4.1,0.0,0.0,0.0,,0.0,0.0,
2021.11.22,9505868.0,8463.0,7882008.0,82.9,15724.0,7598973.0,79.9,30263.0,363544.0,3.8,0.0,0.0,0.0,,0.0,0.0,
2021.11.21,9505868.0,254.0,7872641.0,82.8,439.0,7582301.0,79.8,241.0,332502.0,3.5,0.0,0.0,0.0,,0.0,0.0,
2021.11.20,9505868.0,4740.0,7872544.0,82.8,7156.0,7581985.0,79.8,7994.0,332199.0,3.5,0.0,0.0,0.0,,0.0,0.0,
2021.11.19,9505868.0,7716.0,7867795.0,82.8,12740.0,7574735.0,79.7,25315.0,323826.0,3.4,0.0,0.0,0.0,,0.0,0.0,
2021.11.18,9505868.0,6669.0,7859506.0,82.7,9520.0,7561352.0,79.5,21146.0,297631.0,3.1,0.0,0.0,0.0,,0.0,0.0,
2021.11.17,9505868.0,6446.0,7852307.0,82.6,10630.0,7551221.0,79.4,19440.0,275434.0,2.9,0.0,0.0,0.0,,0.0,0.0,
2021.11.16,9505868.0,5818.0,7845313.0,82.5,8581.0,7539835.0,79.3,20109.0,255205.0,2.7,0.0,0.0,0.0,,0.0,0.0,
2021.11.15,9505868.0,11416.0,7838934.0,82.5,15826.0,7530510.0,79.2,26835.0,234489.0,2.5,0.0,0.0,0.0,,0.0,0.0,
2021.11.14,9505868.0,385.0,7826385.0,82.3,633.0,7513491.0,79.0,427.0,207356.0,2.2,0.0,0.0,0.0,,0.0,0.0,
2021.11.13,9505868.0,9722.0,7826117.0,82.3,17188.0,7512903.0,79,10544.0,206938.0,2.2,0.0,0.0,0.0,,0.0,0.0,
2021.11.12,9505868.0,12490.0,7816790.0,82.2,24597.0,7495966.0,78.9,26844.0,196327.0,2.1,0.0,0.0,0.0,,0.0,0.0,
2021.11.11,9505868.0,8884.0,7803662.0,82.1,17499.0,7470547.0,78.6,21107.0,168994.0,1.8,0.0,0.0,0.0,,0.0,0.0,
2021.11.10,9505868.0,9660.0,7794346.0,82,16703.0,7452506.0,78.4,16814.0,147592.0,1.6,0.0,0.0,0.0,,0.0,0.0,
2021.11.09,9505868.0,7908.0,7784148.0,81.9,20879.0,7435187.0,78.2,19443.0,130550.0,1.4,0.0,0.0,0.0,,0.0,0.0,
2021.11.08,9505868.0,18886.0,7775901.0,81.8,28901.0,7413617.0,78,41421.0,110812.0,1.2,0.0,0.0,0.0,,0.0,0.0,
2021.11.07,9505868.0,426.0,7755977.0,81.6,708.0,7383658.0,77.7,119.0,69107.0,0.7,0.0,0.0,0.0,,0.0,0.0,
2021.11.06,9505868.0,7886.0,7755658.0,81.6,11462.0,7383008.0,77.7,4727.0,68991.0,0.7,0.0,0.0,0.0,,0.0,0.0,
2021.11.05,9505868.0,11410.0,7747766.0,81.5,26464.0,7371157.0,77.5,11236.0,64067.0,0.7,0.0,0.0,0.0,,0.0,0.0,
2021.11.04,9505868.0,9229.0,7735719.0,81.4,23853.0,7343803.0,77.3,8286.0,52685.0,0.6,0.0,0.0,0.0,,0.0,0.0,
2021.11.03,9505868.0,9965.0,7725945.0,81.3,13797.0,7319309.0,77.0,10681.0,44234.0,0.5,0.0,0.0,0.0,,0.0,0.0,
2021.11.02,9505868.0,7956.0,7715781.0,81.2,15585.0,7305236.0,76.8,11133.0,33357.0,0.4,0.0,0.0,0.0,,0.0,0.0,
2021.11.01,9505868.0,14487.0,7706849.0,81.1,22876.0,7288535.0,76.7,6722.0,22095.0,0.2,0.0,0.0,0.0,,0.0,0.0,
2021.10.31,9505868.0,590.0,7691201.0,80.9,3541.0,7264156.0,76.4,35.0,15305.0,0.2,0.0,0.0,0.0,,0.0,0.0,
2021.10.30,9505868.0,6786.0,7690845.0,80.9,62186.0,7260745.0,76.4,607.0,15271.0,0.2,0.0,0.0,0.0,,0.0,0.0,
2021.10.29,9505868.0,10066.0,7684177.0,80.8,119127.0,7197005.0,75.7,1561.0,14661.0,0.2,0.0,0.0,0.0,,0.0,0.0,
2021.10.28,9505868.0,9889.0,7673374.0,80.7,118168.0,7075798.0,74.4,1313.0,13037.0,,0.0,0.0,0.0,,0.0,0.0,
2021.10.27,9505868.0,12513.0,7662842.0,80.6,45454.0,6956701.0,73.2,1933.0,11665.0,,0.0,0.0,0.0,,0.0,0.0,
2021.10.26,9505868.0,8093.0,7649640.0,80.5,51562.0,6910102.0,72.7,1799.0,9629.0,,0.0,0.0,0.0,,0.0,0.0,
2021.10.25,9505868.0,14534.0,7641054.0,80.4,81910.0,6857140.0,72.1,1520.0,7822.0,,0.0,0.0,0.0,,0.0,0.0,
2021.10.24,9505868.0,615.0,7625652.0,80.2,3029.0,6774072.0,71.3,1.0,6292.0,,0.0,0.0,0.0,,0.0,0.0,
2021.10.23,9505868.0,9514.0,7625324.0,80.2,64412.0,6771114.0,71.2,51.0,6292.0,,0.0,0.0,0.0,,0.0,0.0,
2021.10.22,9505868.0,11081.0,7615645.0,80.1,120508.0,6704753.0,70.5,1552.0,6234.0,,0.0,0.0,0.0,,0.0,0.0,
2021.10.21,9505868.0,8935.0,7604057.0,80.0,90087.0,6583050.0,69.3,1346.0,4434.0,,0.0,0.0,0.0,,0.0,0.0,
2021.10.20,9505868.0,10388.0,7594490.0,79.9,66373.0,6491721.0,68.3,829.0,3083.0,,0.0,0.0,0.0,,0.0,0.0,
2021.10.19,9505868.0,7074.0,7583569.0,79.8,93332.0,6423946.0,67.6,580.0,2218.0,,0.0,0.0,0.0,,0.0,0.0,
2021.10.18,9505868.0,12809.0,7576118.0,79.7,133852.0,6329932.0,66.6,612.0,1625.0,,0.0,0.0,0.0,,0.0,0.0,
2021.10.17,9505868.0,395.0,7562468.0,79.6,3619.0,6194826.0,65.2,0.0,953.0,,0.0,0.0,0.0,,0.0,0.0,
2021.10.16,9505868.0,10673.0,7562283.0,79.6,66910.0,6191341.0,65.1,10.0,953.0,,0.0,0.0,0.0,,0.0,0.0,
2021.10.15,9505868.0,14556.0,7551829.0,79.4,133580.0,6124432.0,64.4,319.0,929.0,,0.0,0.0,0.0,,0.0,0.0,
2021.10.14,9505868.0,9609.0,7536654.0,79.3,94569.0,5989111.0,63.0,159.0,488.0,,0.0,0.0,0.0,,0.0,0.0,
2021.10.13,9505868.0,9804.0,7526430.0,79.2,77503.0,5893191.0,62.0,202.0,280.0,,0.0,0.0,0.0,,0.0,0.0,
2021.10.12,9505868.0,17274.0,7516070.0,79.1,110204.0,5814018.0,61.2,0.0,0.0,,0.0,0.0,0.0,,0.0,0.0,
2021.10.11,9505868.0,16395.0,7497044.0,78.9,28099.0,5701291.0,60.0,0.0,0.0,,0.0,0.0,0.0,,0.0,0.0,
2021.10.10,9505868.0,330.0,7480597.0,78.7,3236.0,5673019.0,59.6,0.0,0.0,,0.0,0.0,0.0,,0.0,0.0,
2021.10.09,9505868.0,1373.0,7480266.0,78.7,15337.0,5669744.0,59.6,0.0,0.0,,0.0,0.0,0.0,,0.0,0.0,
2021.10.08,9505868.0,6847.0,7479069.0,78.6,200186.0,5654619.0,59.4,0.0,0.0,,0.0,0.0,0.0,,0.0,0.0,
2021.10.07,9505868.0,5982.0,7471415.0,78.6,138375.0,5353493.0,57.4,0.0,0.0,,0.0,0.0,0.0,,0.0,0.0,
2021.10.06,9505868.0,6247.0,7464613.0,78.5,95261.0,5314014.0,55.9,0.0,0.0,,0.0,0.0,0.0,,0.0,0.0,
2021.10.05,9505868.0,7737.0,7458216.0,78.5,146444.0,5218486.0,54.9,0.0,0.0,,0.0,0.0,0.0,,0.0,0.0,
2021.10.04,9505868.0,4727.0,7450028.0,78.4,41561.0,5071302.0,53.3,0.0,0.0,,0.0,0.0,0.0,,0.0,0.0,
2021.10.03,9505868.0,637.0,7445243.0,78.3,6422.0,5029684.0,52.9,0.0,0.0,,0.0,0.0,0.0,,0.0,0.0,
2021.10.02,9505868.0,21915.0,7444944.0,78.3,80525.0,5023350.0,52.8,0.0,0.0,,0.0,0.0,0.0,,0.0,0.0,
2021.10.01,9505868.0,41307.0,7423508.0,78.1,156636.0,4942880.0,52.0,0.0,0.0,,0.0,0.0,0.0,,0.0,0.0,
2021.09.30,9505868.0,67946.0,7382559.0,77.7,104742.0,4786032.0,50.3,0.0,0.0,,0.0,0.0,0.0,,0.0,0.0,
2021.09.29,9505868.0,40336.0,7314953.0,77.0,105746.0,4681112.0,49.2,0.0,0.0,,0.0,0.0,0.0,,0.0,0.0,
2021.09.28,9505868.0,47035.0,7274915.0,76.5,132787.0,4575154.0,48.1,0.0,0.0,,0.0,0.0,0.0,,0.0,0.0,
2021.09.27,9505868.0,78584.0,7228337.0,76.0,139274.0,4442337.0,46.7,0.0,0.0,,0.0,0.0,0.0,,0.0,0.0,
2021.09.26,9505868.0,4382.0,7149465.0,75.2,5363.0,4302483.0,45.3,0.0,0.0,,0.0,0.0,0.0,,0.0,0.0,
2021.09.25,9505868.0,58203.0,7145818.0,75.2,46721.0,4297136.0,45.2,0.0,0.0,,0.0,0.0,0.0,,0.0,0.0,
2021.09.24,9505868.0,111184.0,7087986.0,74.6,84966.0,4250234.0,44.7,0.0,0.0,,0.0,0.0,0.0,,0.0,0.0,
2021.09.23,9505868.0,107196.0,6976646.0,73.4,80540.0,4164701.0,43.8,0.0,0.0,,0.0,0.0,0.0,,0.0,0.0,
2021.09.22,9575355.0,5543.0,6869476.0,71.7,4188.0,4083668.0,42.6,0.0,0.0,,0.0,0.0,0.0,,0.0,0.0,
2021.09.21,9575355.0,1751.0,6864518.0,71.7,1378.0,4079491.0,42.6,0.0,0.0,,0.0,0.0,0.0,,0.0,0.0,
2021.09.20,9575355.0,4388.0,6861616.0,71.7,2230.0,4076910.0,42.6,0.0,0.0,,0.0,0.0,0.0,,0.0,0.0,
2021.09.19,9575355.0,3742.0,6857961.0,71.6,5585.0,4074327.0,42.6,0.0,0.0,,0.0,0.0,0.0,,0.0,0.0,
2021.09.18,9575355.0,71862.0,6829542.0,71.3,39944.0,4074223.0,42.5,0.0,0.0,,0.0,0.0,0.0,,0.0,0.0,
2021.09.17,9575355.0,123931.0,6757122.0,70.6,81868.0,4034022.0,42.1,0.0,0.0,,0.0,0.0,0.0,,0.0,0.0,
2021.09.16,9575355.0,88625.0,6632640.0,69.3,51260.0,3951930.0,41.3,0.0,0.0,,0.0,0.0,0.0,,0.0,0.0,
2021.09.15,9575355.0,75242.0,6541079.0,68.3,68849.0,3898145.0,40.7,0.0,0.0,,0.0,0.0,0.0,,0.0,0.0,
2021.09.14,9575355.0,121040.0,6461888.0,67.4,35198.0,3825878.0,39.9,0.0,0.0,,0.0,0.0,0.0,,0.0,0.0,
2021.09.13,9575355.0,169036.0,6340285.0,64.4,68468.0,3790493.0,38.9,0.0,0.0,,0.0,0.0,0.0,,0.0,0.0,
2021.09.12,9575355.0,3546.0,6171056.0,64.4,4917.0,3721786.0,38.9,0.0,0.0,,0.0,0.0,0.0,,0.0,0.0,
2021.09.11,9575355.0,60926.0,6167426.0,64.4,40766.0,3716811.0,38.8,0.0,0.0,,0.0,0.0,0.0,,0.0,0.0,
2021.09.10,9575355.0,123400.0,6105756.0,63.8,72243.0,3675621.0,38.4,0.0,0.0,,0.0,0.0,0.0,,0.0,0.0,
2021.09.09,9575355.0,91416.0,5981858.0,62.5,50641.0,3603102.0,37.6,0.0,0.0,,0.0,0.0,0.0,,0.0,0.0,
2021.09.08,9575355.0,73677.0,5890223.0,61.5,54596.0,3552387.0,37.1,0.0,0.0,,0.0,0.0,0.0,,0.0,0.0,
2021.09.07,9575355.0,111410.0,5816238.0,60.7,80167.0,3497620.0,36.5,0.0,0.0,,0.0,0.0,0.0,,0.0,0.0,
2021.09.06,9575355.0,145248.0,5704290.0,59.6,116052.0,3417102.0,35.7,0.0,0.0,,0.0,0.0,0.0,,0.0,0.0,
2021.09.05,9575355.0,1388.0,5558869.0,58.1,1580.0,3300807.0,34.5,0.0,0.0,,0.0,0.0,0.0,,0.0,0.0,
2021.09.04,9575355.0,22326.0,5557393.0,58.0,42787.0,3299212.0,34.5,0.0,0.0,,0.0,0.0,0.0,,0.0,0.0,
2021.09.03,9575355.0,45045.0,5534916.0,57.8,113133.0,3256323.0,34.1,0.0,0.0,,0.0,0.0,0.0,,0.0,0.0,
2021.09.02,9575355.0,39320.0,5489715.0,57.3,88297.0,3142962.0,32.8,0.0,0.0,,0.0,0.0,0.0,,0.0,0.0,
2021.09.01,9575355.0,34235.0,5450266.0,56.9,94420.0,3054297.0,31.9,0.0,0.0,,0.0,0.0,0.0,,0.0,0.0,
2021.08.31,9575355.0,51342.0,5415837.0,56.6,95981.0,2959659.0,30.9,0.0,0.0,,0.0,0.0,0.0,,0.0,0.0,
2021.08.30,9575355.0,83424.0,5364255.0,56.0,107394.0,2863236.0,29.9,0.0,0.0,,0.0,0.0,0.0,,0.0,0.0,
2021.08.29,9575355.0,2697.0,5280462.0,55.1,2921.0,2755524.0,28.8,0.0,0.0,,0.0,0.0,0.0,,0.0,0.0,
2021.08.28,9575355.0,51398.0,5276953.0,55.1,50134.0,2752565.0,28.7,0.0,0.0,,0.0,0.0,0.0,,0.0,0.0,
2021.08.27,9575355.0,110086.0,5224286.0,54.6,101098.0,2702208.0,28.2,0.0,0.0,,0.0,0.0,0.0,,0.0,0.0,
2021.08.26,9575355.0,126823.0,5111802.0,53.4,71032.0,2599571.0,27.1,0.0,0.0,,0.0,0.0,0.0,,0.0,0.0,
2021.08.25,9575355.0,63242.0,4994132.0,52.2,82944.0,2533738.0,26.5,0.0,0.0,,0.0,0.0,0.0,,0.0,0.0,
2021.08.24,9575355.0,71407.0,4929671.0,51.5,107587.0,2450543.0,25.6,0.0,0.0,,0.0,0.0,0.0,,0.0,0.0,
2021.08.23,9575355.0,74785.0,4856923.0,50.7,130725.0,2342494.0,24.5,0.0,0.0,,0.0,0.0,0.0,,0.0,0.0,
2021.08.22,9795426.0,7449.0,4780478.0,48.8,561.0,2210777.0,22.6,0.0,0.0,,0.0,0.0,0.0,,0.0,0.0,
2021.08.21,9575355.0,65430.0,4771762.0,49.8,26500.0,2210176.0,23.1,0.0,0.0,,0.0,0.0,0.0,,0.0,0.0,
2021.08.20,9575355.0,116425.0,4704843.0,49.1,66759.0,2183532.0,22.8,0.0,0.0,,0.0,0.0,0.0,,0.0,0.0,
2021.08.19,9575355.0,85052.0,4587049.0,47.9,57683.0,2116503.0,22.1,0.0,0.0,,0.0,0.0,0.0,,0.0,0.0,
2021.08.18,5762857.0,93303.0,4500520.0,78.1,62833.0,2058630.0,35.7,0.0,0.0,,0.0,0.0,0.0,,0.0,0.0,
2021.08.17,5503804.0,128626.0,4405330.0,80.0,94563.0,1995627.0,36.3,0.0,0.0,,0.0,0.0,0.0,,0.0,0.0,
2021.08.16,4915812.0,123845.0,4273365.0,86.9,51259.0,1900836.0,38.7,0.0,0.0,,0.0,0.0,0.0,,0.0,0.0,
2021.08.15,4802523.0,3875.0,4149042.0,86.4,1162.0,1849485.0,38.5,0.0,0.0,,0.0,0.0,0.0,,0.0,0.0,
2021.08.14,4802523.0,29755.0,4145096.0,86.3,39280.0,1848314.0,38.5,0.0,0.0,,0.0,0.0,0.0,,0.0,0.0,
2021.08.13,4788775.0,43931.0,4115097.0,85.9,121688.0,1808837.0,37.8,0.0,0.0,,0.0,0.0,0.0,,0.0,0.0,
2021.08.12,4737032.0,28270.0,4070622.0,85.9,135399.0,1686971.0,35.6,0.0,0.0,,0.0,0.0,0.0,,0.0,0.0,
2021.08.11,4774960.0,31041.0,4041944.0,84.6,35492.0,1551492.0,32.5,0.0,0.0,,0.0,0.0,0.0,,0.0,0.0,
2021.08.10,4419973.0,48625.0,4010500.0,90.7,34387.0,1515914.0,34.3,0.0,0.0,,0.0,0.0,0.0,,0.0,0.0,
2021.08.09,4419959.0,70831.0,3961449.0,89.6,35253.0,1481476.0,33.5,0.0,0.0,,0.0,0.0,0.0,,0.0,0.0,
2021.08.08,4364248.0,6105.0,3890343.0,89.1,106.0,1446195.0,33.1,0.0,0.0,,0.0,0.0,0.0,,0.0,0.0,
2021.08.07,4356536.0,23333.0,3884200.0,89.2,8911.0,1446093.0,33.2,0.0,0.0,,0.0,0.0,0.0,,0.0,0.0,
2021.08.06,4341693.0,41614.0,3860574.0,88.9,30152.0,1437142.0,33.1,0.0,0.0,,0.0,0.0,0.0,,0.0,0.0,
2021.08.05,4321444.0,31027.0,3818469.0,88.4,25819.0,1406907.0,32.6,0.0,0.0,,0.0,0.0,0.0,,0.0,0.0,
2021.08.04,4324428.0,26082.0,3787227.0,87.6,23102.0,1381042.0,31.9,0.0,0.0,,0.0,0.0,0.0,,0.0,0.0,
2021.08.03,4308530.0,35750.0,3760901.0,87.3,20557.0,1357865.0,31.5,0.0,0.0,,0.0,0.0,0.0,,0.0,0.0,
2021.08.02,4308673.0,77877.0,3724642.0,86.4,7123.0,1337105.0,31.0,0.0,0.0,,0.0,0.0,0.0,,0.0,0.0,
2021.08.01,3810055.0,5674.0,3646552.0,95.7,68.0,1329967.0,34.9,0.0,0.0,,0.0,0.0,0.0,,0.0,0.0,
2021.07.31,4170013.0,39795.0,3640808.0,87.3,4188.0,1329899.0,31.9,0.0,0.0,,0.0,0.0,0.0,,0.0,0.0,
2021.07.30,4164203.0,80425.0,3600688.0,86.4,13659.0,1325451.0,31.8,0.0,0.0,,0.0,0.0,0.0,,0.0,0.0,
2021.07.29,4164261.0,60488.0,3519568.0,84.5,7742.0,1310875.0,31.5,0.0,0.0,,0.0,0.0,0.0,,0.0,0.0,
2021.07.28,4137685.0,84052.0,3458804.0,83.6,8120.0,1302735.0,31.5,0.0,0.0,,0.0,0.0,0.0,,0.0,0.0,
2021.07.27,4150036.0,74786.0,3372307.0,81.2,9381.0,1293099.0,31.1,0.0,0.0,,0.0,0.0,0.0,,0.0,0.0,
2021.07.26,4058839.0,125490.0,3297521.0,81.2,14681.0,1283718.0,31.6,0.0,0.0,,0.0,0.0,0.0,,0.0,0.0,
2021.07.25,4065645.0,85.0,3168908.0,77.9,19.0,1268914.0,31.2,0.0,0.0,,0.0,0.0,0.0,,0.0,0.0,
2021.07.24,4065545.0,6610.0,3168820.0,77.9,2639.0,1268896.0,31.2,0.0,0.0,,0.0,0.0,0.0,,0.0,0.0,
2021.07.23,4065798.0,27951.0,3162205.0,77.8,10128.0,1266249.0,31.1,0.0,0.0,,0.0,0.0,0.0,,0.0,0.0,
2021.07.22,4046086.0,31573.0,3134191.0,77.5,8022.0,1254560.0,31,0.0,0.0,,0.0,0.0,0.0,,0.0,0.0,
2021.07.21,3943320.0,31192.0,3102494.0,78.7,6008.0,1245273.0,31.6,0.0,0.0,,0.0,0.0,0.0,,0.0,0.0,
2021.07.20,3939275.0,31212.0,3071180.0,78.0,8800.0,1237904.0,31.4,0.0,0.0,,0.0,0.0,0.0,,0.0,0.0,
2021.07.19,3939611.0,31651.0,3039867.0,77.2,9668.0,1226600.0,31.1,0.0,0.0,,0.0,0.0,0.0,,0.0,0.0,
2021.07.18,3939611.0,118.0,3008122.0,75.2,151.0,1216767.0,29.8,0.0,0.0,,0.0,0.0,0.0,,0.0,0.0,
2021.07.17,3955276.0,8953.0,3000991.0,76.1,7397.0,1216426.0,30.8,0.0,0.0,,0.0,0.0,0.0,,0.0,0.0,
2021.07.16,3950821.0,26086.0,2998367.0,75.8,27192.0,1203490.0,30.4,0.0,0.0,,0.0,0.0,0.0,,0.0,0.0,
2021.07.15,3950821.0,25026.0,2972281.0,75.2,20650.0,1176298.0,29.8,0.0,0.0,,0.0,0.0,0.0,,0.0,0.0,
2021.07.14,3911307.0,23553.0,2946540.0,75.3,18514.0,1152859.0,29.5,0.0,0.0,,0.0,0.0,0.0,,0.0,0.0,
2021.07.13,3726883.0,20140.0,2922594.0,78.4,16581.0,1130848.0,30.3,0.0,0.0,,0.0,0.0,0.0,,0.0,0.0,
2021.07.12,3514797.0,6195.0,2902429.0,82.6,13308.0,1110216.0,31.6,0.0,0.0,,0.0,0.0,0.0,,0.0,0.0,
2021.07.11,3528530.0,66.0,2896204.0,82.1,222.0,1096845.0,31.1,0.0,0.0,,0.0,0.0,0.0,,0.0,0.0,
2021.07.10,3537117.0,3864.0,2896137.0,81.9,8264.0,1096559.0,31.0,0.0,0.0,,0.0,0.0,0.0,,0.0,0.0,
2021.07.09,3538319.0,14064.0,2892191.0,81.7,20660.0,1083665.0,30.6,0.0,0.0,,0.0,0.0,0.0,,0.0,0.0,
2021.07.08,3546224.0,7439.0,2877851.0,81.2,13483.0,1058784.0,29.9,0.0,0.0,,0.0,0.0,0.0,,0.0,0.0,
2021.07.07,3545987.0,6871.0,2869885.0,80.9,11909.0,1041173.0,29.4,0.0,0.0,,0.0,0.0,0.0,,0.0,0.0,
2021.07.06,3551180.0,7703.0,2862693.0,80.6,12346.0,1025199.0,28.9,0.0,0.0,,0.0,0.0,0.0,,0.0,0.0,
2021.07.05,3496816.0,13454.0,2854873.0,81.6,9389.0,1008177.0,28.8,0.0,0.0,,0.0,0.0,0.0,,0.0,0.0,
2021.07.04,3421953.0,0.0,2841244.0,83,0.0,998134.0,29.2,0.0,0.0,,0.0,0.0,0.0,,0.0,0.0,
2021.07.03,3476510.0,696.0,2841238.0,81.7,4139.0,997938.0,28.7,0.0,0.0,,0.0,0.0,0.0,,0.0,0.0,
2021.07.02,3476385.0,1588.0,2840470.0,81.7,20529.0,989375.0,28.5,0.0,0.0,,0.0,0.0,0.0,,0.0,0.0,
2021.07.01,3420685.0,1642.0,2838855.0,83.0,18865.0,964356.0,28.2,0.0,0.0,,0.0,0.0,0.0,,0.0,0.0,
2021.06.30,3475794.0,3893.0,2837158.0,81.6,22749.0,941358.0,27.1,0.0,0.0,,0.0,0.0,0.0,,0.0,0.0,
2021.06.29,3496257.0,3321.0,2833050.0,81.0,22407.0,914519.0,26.2,0.0,0.0,,0.0,0.0,0.0,,0.0,0.0,
2021.06.28,3490157.0,3278.0,2829341.0,81.1,21853.0,887508.0,25.4,0.0,0.0,,0.0,0.0,0.0,,0.0,0.0,
2021.06.27,3484201.0,0.0,2825862.0,81.0,0.0,865395.0,24.8,0.0,0.0,,0.0,0.0,0.0,,0.0,0.0,
2021.06.26,3484201.0,2216.0,2825885.0,81.0,6655.0,865395.0,24.8,0.0,0.0,,0.0,0.0,0.0,,0.0,0.0,
2021.06.25,3484201.0,7635.0,2821282.0,81.0,22720.0,858697.0,24.6,0.0,0.0,,0.0,0.0,0.0,,0.0,0.0,
2021.06.24,3418720.0,6581.0,2811191.0,82.2,22040.0,835878.0,24.5,0.0,0.0,,0.0,0.0,0.0,,0.0,0.0,
2021.06.23,3470953.0,5777.0,2802006.0,80.7,22048.0,813666.0,23.4,0.0,0.0,,0.0,0.0,0.0,,0.0,0.0,
2021.06.22,3466857.0,6694.0,2792660.0,80.6,21120.0,791467.0,22.8,0.0,0.0,,0.0,0.0,0.0,,0.0,0.0,
2021.06.21,3510564.0,4973.0,2781609.0,80.4,21087.0,770137.0,21.9,0.0,0.0,,0.0,0.0,0.0,,0.0,0.0,
2021.06.20,3511095.0,66.0,2774797.0,79.0,65.0,747880.0,21.3,0.0,0.0,,0.0,0.0,0.0,,0.0,0.0,
2021.06.19,3511144.0,36213.0,2774543.0,79.0,7884.0,747652.0,21.3,0.0,0.0,,0.0,0.0,0.0,,0.0,0.0,
2021.06.18,3446554.0,90850.0,2732982.0,79.3,27755.0,739623.0,21.5,0.0,0.0,,0.0,0.0,0.0,,0.0,0.0,
2021.06.17,3430375.0,78339.0,2637993.0,76.9,25631.0,711572.0,20.7,0.0,0.0,,0.0,0.0,0.0,,0.0,0.0,
2021.06.16,3401641.0,112311.0,2554809.0,75.1,57409.0,685532.0,20.2,0.0,0.0,,0.0,0.0,0.0,,0.0,0.0,
2021.06.15,3391964.0,122487.0,2437954.0,71.9,37687.0,627708.0,18.5,0.0,0.0,,0.0,0.0,0.0,,0.0,0.0,
2021.06.14,3371856.0,145519.0,2309534.0,68.5,52848.0,589320.0,17.5,0.0,0.0,,0.0,0.0,0.0,,0.0,0.0,
2021.06.13,3364373.0,5702.0,2163259.0,64.3,2522.0,535930.0,15.9,0.0,0.0,,0.0,0.0,0.0,,0.0,0.0,
2021.06.12,3364288.0,82931.0,2157602.0,64.1,28724.0,533379.0,15.9,0.0,0.0,,0.0,0.0,0.0,,0.0,0.0,
2021.06.11,3353331.0,165265.0,2070561.0,61.7,55544.0,504526.0,15.0,0.0,0.0,,0.0,0.0,0.0,,0.0,0.0,
2021.06.10,3338670.0,148732.0,1900981.0,56.9,68440.0,448684.0,13.4,0.0,0.0,,0.0,0.0,0.0,,0.0,0.0,
2021.06.09,3102614.0,104841.0,1746392.0,56.2,3076.0,380200.0,12.3,0.0,0.0,,0.0,0.0,0.0,,0.0,0.0,
2021.06.08,3034302.0,131465.0,1636992.0,53.9,4672.0,377030.0,12.4,0.0,0.0,,0.0,0.0,0.0,,0.0,0.0,
2021.06.07,3018205.0,158842.0,1500832.0,49.7,5412.0,372339.0,12.3,0.0,0.0,,0.0,0.0,0.0,,0.0,0.0,
2021.06.06,2286469.0,463.0,1341990.0,58.7,0.0,366927.0,16.0,0.0,0.0,,0.0,0.0,0.0,,0.0,0.0,
2021.06.05,2282866.0,31613.0,1341398.0,58.8,1135.0,366926.0,16.1,0.0,0.0,,0.0,0.0,0.0,,0.0,0.0,
2021.06.04,2275616.0,76685.0,1309610.0,57.5,10339.0,365789.0,16.1,0.0,0.0,,0.0,0.0,0.0,,0.0,0.0,
2021.06.03,2265073.0,66402.0,1232478.0,54.4,8383.0,355399.0,15.7,0.0,0.0,,0.0,0.0,0.0,,0.0,0.0,
2021.06.02,2249314.0,73063.0,1165736.0,51.8,6277.0,346936.0,15.4,0.0,0.0,,0.0,0.0,0.0,,0.0,0.0,
2021.06.01,2231513.0,103600.0,1092306.0,48.9,7109.0,340624.0,15.3,0.0,0.0,,0.0,0.0,0.0,,0.0,0.0,
2021.05.31,2215425.0,75387.0,988327.0,44.6,8127.0,333469.0,15.1,0.0,0.0,,0.0,0.0,0.0,,0.0,0.0,
2021.05.30,2195709.0,950.0,912517.0,41.6,0.0,325079.0,14.8,0.0,0.0,,0.0,0.0,0.0,,0.0,0.0,
2021.05.29,2196518.0,33401.0,911559.0,41.5,3580.0,325079.0,14.8,0.0,0.0,,0.0,0.0,0.0,,0.0,0.0,
2021.05.28,2188641.0,104641.0,877710.0,40.1,17031.0,321446.0,14.7,0.0,0.0,,0.0,0.0,0.0,,0.0,0.0,
2021.05.27,2175217.0,122034.0,772541.0,35.5,13061.0,304336.0,14.0,0.0,0.0,,0.0,0.0,0.0,,0.0,0.0,
2021.05.26,1129593.0,10780.0,650432.0,57.6,16175.0,291118.0,25.8,0.0,0.0,,0.0,0.0,0.0,,0.0,0.0,
2021.05.25,1123393.0,7748.0,639483.0,56.9,21010.0,274749.0,24.5,0.0,0.0,,0.0,0.0,0.0,,0.0,0.0,
2021.05.24,1124159.0,7688.0,631695.0,56.2,21524.0,253528.0,22.6,0.0,0.0,,0.0,0.0,0.0,,0.0,0.0,
2021.05.23,1123388.0,0.0,623942.0,55.5,0.0,231821.0,20.6,0.0,0.0,,0.0,0.0,0.0,,0.0,0.0,
2021.05.22,1122778.0,2477.0,623941.0,55.6,4099.0,231820.0,20.6,0.0,0.0,,0.0,0.0,0.0,,0.0,0.0,
2021.05.21,1121838.0,2271.0,621463.0,55.4,28449.0,227493.0,20.3,0.0,0.0,,0.0,0.0,0.0,,0.0,0.0,
2021.05.20,1123023.0,2205.0,619017.0,55.1,22755.0,198625.0,17.7,0.0,0.0,,0.0,0.0,0.0,,0.0,0.0,
2021.05.19,1121981.0,14.0,616705.0,55.0,3724.0,175445.0,15.6,0.0,0.0,,0.0,0.0,0.0,,0.0,0.0,
2021.05.18,1120058.0,2983.0,616699.0,55.1,16649.0,171720.0,15.3,0.0,0.0,,0.0,0.0,0.0,,0.0,0.0,
2021.05.17,1122759.0,3197.0,613630.0,54.7,13074.0,154898.0,13.8,0.0,0.0,,0.0,0.0,0.0,,0.0,0.0,
2021.05.16,1119118.0,0.0,610403.0,54.5,0.0,141769.0,12.7,0.0,0.0,,0.0,0.0,0.0,,0.0,0.0,
2021.05.15,1118166.0,956.0,610338.0,54.6,3796.0,141769.0,12.7,0.0,0.0,,0.0,0.0,0.0,,0.0,0.0,
2021.05.14,1118491.0,3827.0,609382.0,54.1,12751.0,137973.0,11.2,0.0,0.0,,0.0,0.0,0.0,,0.0,0.0,
2021.05.13,1113909.0,3391.0,604185.0,54.2,12435.0,125220.0,11.2,0.0,0.0,,0.0,0.0,0.0,,0.0,0.0,
2021.05.12,1116796.0,2282.0,600548.0,53.8,13971.0,112781.0,10.1,0.0,0.0,,0.0,0.0,0.0,,0.0,0.0,
2021.05.11,1114297.0,2796.0,598266.0,53.7,13030.0,98810.0,8.9,0.0,0.0,,0.0,0.0,0.0,,0.0,0.0,
2021.05.10,1113580.0,3131.0,594975.0,53.4,12457.0,85775.0,7.7,0.0,0.0,,0.0,0.0,0.0,,0.0,0.0,
2021.05.09,1113434.0,0.0,591040.0,53.1,0.0,73295.0,6.6,0.0,0.0,,0.0,0.0,0.0,,0.0,0.0,
2021.05.08,1112095.0,2801.0,589744.0,53.0,1789.0,73003.0,6.6,0.0,0.0,,0.0,0.0,0.0,,0.0,0.0,
2021.05.07,1119900.0,17490.0,592073.0,52.9,11219.0,70926.0,6.3,0.0,0.0,,0.0,0.0,0.0,,0.0,0.0,
2021.05.06,1108162.0,11021.0,574583.0,51.9,11715.0,59707.0,5.4,0.0,0.0,,0.0,0.0,0.0,,0.0,0.0,
2021.05.05,1106344.0,1788.0,563044.0,50.9,1650.0,47940.0,4.3,0.0,0.0,,0.0,0.0,0.0,,0.0,0.0,
2021.05.04,1104738.0,18942.0,559605.0,50.6,4665.0,46290.0,4.1,0.0,0.0,,0.0,0.0,0.0,,0.0,0.0,
2021.05.03,1102593.0,19795.0,540404.0,49.0,5033.0,41624.0,3.8,0.0,0.0,,0.0,0.0,0.0,,0.0,0.0,
2021.05.02,1101302.0,82.0,520200.0,47.2,0.0,36591.0,3.3,0.0,0.0,,0.0,0.0,0.0,,0.0,0.0,
2021.05.01,1100067.0,8683.0,519845.0,47.2,691.0,36591.0,3.3,0.0,0.0,,0.0,0.0,0.0,,0.0,0.0,
2021.04.30,1096899.0,38789.0,511162.0,46.6,4280.0,35900.0,3.3,0.0,0.0,,0.0,0.0,0.0,,0.0,0.0,
2021.04.29,1084245.0,33484.0,472376.0,43.6,3921.0,31620.0,2.9,0.0,0.0,,0.0,0.0,0.0,,0.0,0.0,
2021.04.28,1088155.0,31795.0,438269.0,40.2,2062.0,27699.0,2.5,0.0,0.0,,0.0,0.0,0.0,,0.0,0.0,
2021.04.27,1080433.0,23973.0,403093.0,37.3,3721.0,25631.0,2.4,0.0,0.0,,0.0,0.0,0.0,,0.0,0.0,
2021.04.26,1079832.0,23323.0,379120.0,35.1,3411.0,21910.0,2,0.0,0.0,,0.0,0.0,0.0,,0.0,0.0,
2021.04.25,1023346.0,204.0,350631.0,34.2,0.0,18513.0,1.8,0.0,0.0,,0.0,0.0,0.0,,0.0,0.0,
2021.04.24,1023346.0,4663.0,350427.0,34.2,137.0,18513.0,1.8,0.0,0.0,,0.0,0.0,0.0,,0.0,0.0,
2021.04.23,1027740.0,28378.0,345764.0,33.6,2475.0,18376.0,1.8,0.0,0.0,,0.0,0.0,0.0,,0.0,0.0,
2021.04.22,1023538.0,22831.0,317386.0,31.0,2358.0,15901.0,1.6,0.0,0.0,,0.0,0.0,0.0,,0.0,0.0,
2021.04.21,1019322.0,20830.0,291857.0,28.6,25.0,13543.0,1.3,0.0,0.0,,0.0,0.0,0.0,,0.0,0.0,
